1426509536.179021,$SFIMU,52,11,203,55,-102,2*5E
1426509536.190577,$SFIMU,52,10,205,56,-110,2*59
1426509536.203906,$SFIMU,52,11,199,55,-112,0*5D
1426509536.208649,$SFIMU,55,8,205,56,-124,-8*47
1426509536.220977,$SFIMU,59,9,203,52,-132,-36*72
1426509536.233104,$SFIMU,57,9,206,48,-137,-58*7F
1426509536.240005,$SFIMU,53,11,199,52,-130,-38*4D
1426509536.247835,$SFIMU,55,9,203,54,-143,-22*7B
1426509536.257857,$SFIMU,58,9,205,52,-160,-24*71
1426509536.267592,$SFIMU,55,14,205,50,-162,-20*44
1426509536.277545,$SFIMU,59,11,203,50,-166,-27*48
1426509536.287533,$SFIMU,56,11,201,53,-176,-15*46
1426509536.296547,$SFIMU,56,9,205,53,-182,-7*43
1426509536.306540,$SFIMU,58,12,202,55,-191,1*5F
1426509536.316542,$SFIMU,59,7,203,56,-196,-1*42
1426509536.325825,$SFIMU,62,11,202,57,-208,0*55
1426509536.335957,$SFIMU,63,10,203,55,-216,-4*70
1426509536.345575,$SFIMU,62,9,202,56,-220,-2*48
1426509536.355551,$SFIMU,60,9,202,57,-216,-1*4D
1426509536.365521,$SFIMU,65,11,202,56,-209,4*56
1426509536.374879,$SFIMU,65,9,204,57,-198,7*60
1426509536.385500,$SFIMU,66,9,200,58,-200,6*6B
1426509536.395479,$SFIMU,66,10,200,59,-192,5*59
1426509536.405434,$SFIMU,68,10,199,58,-190,4*56
1426509536.414443,$SFIMU,68,13,202,60,-183,3*5A
1426509536.424445,$SFIMU,68,11,200,57,-167,7*50
1426509536.434457,$SFIMU,70,9,198,55,-158,6*6D
1426509536.444491,$SFIMU,70,10,200,58,-151,7*52
1426509536.454479,$SFIMU,72,11,200,59,-140,6*51
1426509536.464473,$SFIMU,72,10,201,54,-134,5*5C
1426509536.474475,$SFIMU,70,10,200,56,-132,5*5B
1426509536.483489,$SFIMU,74,10,202,62,-137,5*5F
1426509536.493464,$SFIMU,73,10,200,57,-140,6*5F
1426509536.503453,$SFIMU,75,11,202,53,-135,4*5E
1426509536.513438,$SFIMU,73,9,203,57,-139,5*69
1426509536.523407,$SFIMU,76,10,198,57,-135,5*59
1426509536.533409,$SFIMU,76,10,202,55,-141,6*5B
1426509536.543380,$SFIMU,77,10,198,57,-138,6*56
1426509536.552382,$SFIMU,74,10,197,55,-138,4*5A
1426509536.562313,$SFIMU,76,9,200,56,-142,2*65
1426509536.572406,$SFIMU,79,10,200,52,-145,-8*76
1426509536.582404,$SFIMU,75,11,198,55,-153,-8*79
1426509536.592384,$SFIMU,78,9,201,49,-167,-32*7D
1426509536.602342,$SFIMU,77,8,198,48,-169,-23*7F
1426509536.612359,$SFIMU,81,11,199,50,-189,-27*4C
1426509536.622346,$SFIMU,78,11,200,50,-205,-12*48
1426509536.631318,$SFIMU,79,11,200,55,-211,0*57
1426509536.642852,$SFIMU,82,10,197,55,-224,2*5B
1426509536.651863,$SFIMU,83,10,198,56,-227,3*54
1426509536.661248,$SFIMU,84,12,198,55,-235,3*51
1426509536.671307,$SFIMU,86,10,197,55,-229,1*51
1426509536.682187,$SFIMU,85,10,197,55,-228,-1*7E
1426509536.690682,$SFIMU,87,10,201,55,-239,-2*73
1426509536.700713,$SFIMU,88,10,197,55,-247,1*57
1426509536.710724,$SFIMU,90,10,196,56,-243,6*5F
1426509536.720691,$SFIMU,90,9,196,55,-235,7*64
1426509536.729924,$SFIMU,92,11,197,57,-238,4*52
1426509536.740426,$SFIMU,93,11,197,56,-231,6*59
1426509536.750681,$SFIMU,96,11,195,56,-226,6*58
1426509536.761105,$SFIMU,95,9,197,55,-229,7*6D
1426509536.771666,$SFIMU,95,11,195,61,-218,10*65
1426509536.779428,$SFIMU,95,9,195,57,-211,6*67
1426509536.789262,$SFIMU,100,11,195,54,-206,8*68
1426509536.799656,$SFIMU,97,10,194,57,-212,7*5E
1426509536.810127,$SFIMU,98,10,194,55,-210,6*50
1426509536.820514,$SFIMU,101,9,195,57,-205,6*5E
1426509536.828426,$SFIMU,97,9,194,56,-203,6*66
1426509536.838997,$SFIMU,102,8,197,57,-206,6*5D
1426509536.849527,$SFIMU,104,7,195,57,-209,6*59
1426509536.860032,$SFIMU,105,10,194,58,-202,5*68
1426509536.867982,$SFIMU,102,11,195,59,-205,6*6A
1426509536.877715,$SFIMU,104,9,196,57,-203,7*5F
1426509536.889345,$SFIMU,107,10,193,55,-202,6*63
1426509536.898666,$SFIMU,110,11,197,56,-190,3*6E
1426509536.907380,$SFIMU,107,8,193,57,-193,5*50
1426509536.917351,$SFIMU,109,10,192,57,-189,8*60
1426509536.927331,$SFIMU,107,8,195,58,-190,4*5B
1426509536.937083,$SFIMU,107,9,195,55,-190,6*55
1426509536.948496,$SFIMU,111,12,190,54,-200,6*66
1426509536.958773,$SFIMU,114,13,193,55,-217,7*67
1426509536.966546,$SFIMU,110,11,192,56,-225,7*62
1426509536.976795,$SFIMU,113,9,194,59,-241,5*51
1426509536.987404,$SFIMU,114,11,194,54,-247,7*66
1426509536.997811,$SFIMU,115,9,191,58,-257,4*55
1426509537.008369,$SFIMU,113,10,192,56,-271,4*62
1426509537.016170,$SFIMU,116,9,191,53,-285,7*51
1426509537.026713,$SFIMU,118,9,190,58,-294,8*5A
1426509537.037243,$SFIMU,121,10,191,53,-300,6*60
1426509537.047629,$SFIMU,119,11,192,52,-303,5*68
1426509537.055537,$SFIMU,118,12,189,55,-319,8*61
1426509537.065961,$SFIMU,124,12,187,54,-321,8*6A
1426509537.076464,$SFIMU,122,11,189,56,-313,9*63
1426509537.084458,$SFIMU,124,9,189,57,-304,5*57
1426509537.094795,$SFIMU,123,11,188,55,-290,7*64
1426509537.104765,$SFIMU,126,11,186,58,-263,7*6E
1426509537.114888,$SFIMU,129,10,187,57,-230,4*6B
1426509537.125254,$SFIMU,128,11,186,57,-210,7*6B
1426509537.135723,$SFIMU,129,12,186,55,-206,7*6C
1426509537.144572,$SFIMU,128,12,187,53,-191,5*65
1426509537.154074,$SFIMU,130,11,183,52,-172,5*67
1426509537.164522,$SFIMU,131,10,183,57,-153,6*62
1426509537.174418,$SFIMU,132,10,185,52,-154,4*67
1426509537.184493,$SFIMU,132,8,184,57,-148,8*5B
1426509537.193827,$SFIMU,132,11,185,57,-144,5*63
1426509537.203808,$SFIMU,133,13,178,56,-145,6*61
1426509537.213445,$SFIMU,134,13,183,55,-140,6*64
1426509537.222830,$SFIMU,133,9,185,58,-148,6*5B
1426509537.233332,$SFIMU,135,11,184,55,-162,5*63
1426509537.247370,$SFIMU,134,13,184,60,-184,8*63
1426509537.252580,$SFIMU,136,12,185,54,-211,5*64
1426509537.261487,$SFIMU,138,8,185,55,-223,5*51
1426509537.271550,$SFIMU,137,9,185,56,-223,3*5A
1426509537.281518,$SFIMU,139,12,184,57,-219,5*61
1426509537.292751,$SFIMU,142,11,184,56,-236,6*61
1426509537.302003,$SFIMU,141,9,183,55,-244,3*5F
1426509537.311434,$SFIMU,143,11,183,59,-249,8*6E
1426509537.321389,$SFIMU,142,10,182,56,-261,7*65
1426509537.331458,$SFIMU,142,12,180,55,-253,6*66
1426509537.340358,$SFIMU,143,12,181,55,-234,7*66
1426509537.350364,$SFIMU,148,11,179,57,-220,7*6E
1426509537.362208,$SFIMU,144,9,183,58,-225,7*54
1426509537.371582,$SFIMU,146,10,176,57,-226,4*6B
1426509537.383811,$SFIMU,148,13,178,58,-223,3*65
1426509537.390613,$SFIMU,149,11,179,58,-219,4*69
1426509537.401970,$SFIMU,149,11,180,55,-220,3*6F
1426509537.410948,$SFIMU,149,10,176,56,-232,6*62
1426509537.419395,$SFIMU,150,11,175,57,-222,6*68
1426509537.429362,$SFIMU,152,10,178,59,-215,6*6C
1426509537.439320,$SFIMU,151,10,176,55,-206,7*6E
1426509537.449788,$SFIMU,152,14,174,57,-208,4*64
1426509537.459397,$SFIMU,152,10,176,58,-222,5*64
1426509537.469367,$SFIMU,155,11,179,55,-234,5*67
1426509537.478385,$SFIMU,156,12,179,57,-235,3*62
1426509537.488338,$SFIMU,157,11,172,56,-229,4*60
1426509537.498316,$SFIMU,156,9,175,55,-223,5*57
1426509537.507872,$SFIMU,157,12,173,59,-218,4*6F
1426509537.518405,$SFIMU,158,10,171,56,-212,8*69
1426509537.528929,$SFIMU,159,12,174,56,-211,3*67
1426509537.538930,$SFIMU,160,12,173,53,-217,6*6C
1426509537.547680,$SFIMU,159,13,172,60,-237,4*66
1426509537.557675,$SFIMU,162,11,171,54,-244,7*6F
1426509537.568866,$SFIMU,165,13,166,54,-242,3*6E
1426509537.579211,$SFIMU,164,12,172,53,-243,5*6B
1426509537.587143,$SFIMU,165,9,169,55,-244,5*5B
1426509537.597445,$SFIMU,167,9,167,56,-251,3*56
1426509537.607734,$SFIMU,167,11,171,56,-248,7*64
1426509537.618205,$SFIMU,166,12,170,59,-241,9*6F
1426509537.626244,$SFIMU,169,10,171,59,-224,7*6E
1426509537.636833,$SFIMU,166,11,169,57,-215,5*67
1426509537.647510,$SFIMU,167,12,168,60,-217,5*62
1426509537.657754,$SFIMU,169,13,170,60,-222,7*60
1426509537.668156,$SFIMU,169,11,170,57,-217,7*60
1426509537.676086,$SFIMU,171,11,168,57,-215,7*62
1426509537.686693,$SFIMU,172,12,165,59,-214,7*60
1426509537.697142,$SFIMU,175,11,167,59,-208,6*6A
1426509537.707660,$SFIMU,172,11,168,59,-224,5*6F
1426509537.715621,$SFIMU,174,14,166,59,-248,5*68
1426509537.726319,$SFIMU,176,10,168,57,-264,6*63
1426509537.736834,$SFIMU,177,11,166,58,-261,5*64
1426509537.744800,$SFIMU,177,10,164,60,-261,6*6F
1426509537.755326,$SFIMU,179,11,162,57,-248,4*6B
1426509537.765933,$SFIMU,179,9,162,58,-234,4*56
1426509537.776573,$SFIMU,180,11,162,58,-225,4*69
1426509537.784427,$SFIMU,183,12,159,58,-225,6*63
1426509537.794977,$SFIMU,181,10,160,64,-224,13*53
1426509537.805326,$SFIMU,182,14,164,71,-210,24*57
1426509537.815825,$SFIMU,183,10,163,73,-214,27*50
1426509537.824481,$SFIMU,187,11,156,66,-205,16*55
1426509537.835076,$SFIMU,186,12,160,60,-212,9*6C
1426509537.844952,$SFIMU,187,10,158,61,-210,9*67
1426509537.854415,$SFIMU,186,11,156,57,-187,9*61
1426509537.863764,$SFIMU,189,11,155,59,-158,9*61
1426509537.872880,$SFIMU,189,11,154,58,-132,3*67
1426509537.883307,$SFIMU,189,12,157,57,-110,5*6E
1426509537.892874,$SFIMU,186,11,151,56,-94,4*59
1426509537.902548,$SFIMU,187,12,155,61,-86,7*5B
1426509537.911619,$SFIMU,191,9,158,57,-86,4*6D
1426509537.921569,$SFIMU,189,11,155,60,-80,5*53
1426509537.932629,$SFIMU,191,13,157,57,-68,5*58
1426509537.943123,$SFIMU,192,11,157,57,-66,6*54
1426509537.953594,$SFIMU,191,11,155,59,-54,5*59
1426509537.961434,$SFIMU,191,11,152,57,-47,4*53
1426509537.971478,$SFIMU,190,10,155,58,-59,4*54
1426509537.980839,$SFIMU,190,12,158,57,-67,5*58
1426509537.990562,$SFIMU,191,10,158,57,-97,6*57
1426509538.000870,$SFIMU,192,8,158,59,-113,6*5E
1426509538.010773,$SFIMU,191,10,157,58,-124,7*6F
1426509538.020905,$SFIMU,192,11,156,57,-144,5*67
1426509538.030890,$SFIMU,194,12,149,58,-149,4*6F
1426509538.040889,$SFIMU,192,12,153,57,-147,4*63
1426509538.050428,$SFIMU,193,10,152,58,-143,4*6A
1426509538.059446,$SFIMU,193,12,152,56,-137,4*65
1426509538.069448,$SFIMU,195,11,154,57,-143,4*64
1426509538.079368,$SFIMU,196,14,151,58,-147,6*6E
1426509538.089389,$SFIMU,193,10,152,57,-150,6*65
1426509538.099754,$SFIMU,197,11,151,59,-140,6*6C
1426509538.108689,$SFIMU,196,12,150,57,-122,4*67
1426509538.118699,$SFIMU,197,9,149,56,-103,7*55
1426509538.128718,$SFIMU,198,9,151,57,-99,5*62
1426509538.138556,$SFIMU,196,9,149,61,-83,5*6B
1426509538.148365,$SFIMU,198,10,149,58,-78,6*50
1426509538.158407,$SFIMU,201,10,148,58,-72,4*5A
1426509538.168400,$SFIMU,199,12,153,58,-89,5*55
1426509538.178383,$SFIMU,198,13,150,57,-114,4*6D
1426509538.188320,$SFIMU,195,10,151,59,-119,6*63
1426509538.197386,$SFIMU,199,11,151,59,-114,5*60
1426509538.207362,$SFIMU,201,12,151,57,-104,7*6C
1426509538.217334,$SFIMU,202,11,149,57,-101,3*64
1426509538.227324,$SFIMU,201,13,146,57,-90,2*52
1426509538.236662,$SFIMU,200,13,147,59,-79,7*5E
1426509538.246549,$SFIMU,204,14,147,58,-76,5*51
1426509538.256299,$SFIMU,200,11,150,59,-75,4*55
1426509538.266313,$SFIMU,201,11,147,60,-76,6*59
1426509538.276284,$SFIMU,205,13,147,61,-70,5*5B
1426509538.286260,$SFIMU,203,11,147,56,-75,5*5E
1426509538.296370,$SFIMU,202,13,145,56,-76,3*5A
1426509538.306304,$SFIMU,202,11,146,60,-76,6*5B
1426509538.315294,$SFIMU,200,9,145,57,-74,6*65
1426509538.325308,$SFIMU,203,12,147,59,-88,5*50
1426509538.335302,$SFIMU,203,13,145,58,-106,6*66
1426509538.345269,$SFIMU,205,12,145,56,-129,7*63
1426509538.355296,$SFIMU,207,12,143,59,-143,6*65
1426509538.365341,$SFIMU,205,11,145,59,-137,4*63
1426509538.375261,$SFIMU,208,11,139,56,-107,4*69
1426509538.384234,$SFIMU,207,9,144,58,-76,4*6C
1426509538.394215,$SFIMU,205,13,143,58,-57,5*50
1426509538.404184,$SFIMU,209,12,141,60,-44,5*56
1426509538.414223,$SFIMU,208,13,140,62,-27,6*53
1426509538.424385,$SFIMU,207,12,146,60,-39,5*55
1426509538.434263,$SFIMU,210,11,143,59,-58,5*58
1426509538.445180,$SFIMU,208,12,140,59,-67,3*5B
1426509538.455358,$SFIMU,209,11,142,59,-64,2*59
1426509538.463702,$SFIMU,208,12,137,57,-55,4*53
1426509538.473865,$SFIMU,211,10,140,56,-28,2*54
1426509538.484636,$SFIMU,208,11,141,59,-1,3*69
1426509538.494000,$SFIMU,209,12,140,58,27,4*75
1426509538.503253,$SFIMU,208,10,141,58,57,6*72
1426509538.512609,$SFIMU,210,10,140,60,59,6*7F
1426509538.524212,$SFIMU,207,11,144,60,47,6*73
1426509538.533465,$SFIMU,208,10,143,60,40,6*7D
1426509538.542727,$SFIMU,209,11,147,60,25,2*7E
1426509538.552371,$SFIMU,207,10,142,58,-8,6*69
1426509538.562275,$SFIMU,207,10,145,56,-38,7*52
1426509538.572268,$SFIMU,211,11,143,58,-52,4*53
1426509538.581288,$SFIMU,210,10,140,57,-63,7*5E
1426509538.591255,$SFIMU,208,12,144,62,-76,5*51
1426509538.601274,$SFIMU,209,15,140,60,-86,6*5D
1426509538.611217,$SFIMU,213,11,140,59,-82,5*5F
1426509538.621210,$SFIMU,211,11,142,61,-90,5*57
1426509538.631205,$SFIMU,213,10,144,58,-108,6*6B
1426509538.641206,$SFIMU,210,11,143,58,-121,5*66
1426509538.651111,$SFIMU,211,11,144,58,-123,4*63
1426509538.660119,$SFIMU,210,12,134,57,-111,4*68
1426509538.670120,$SFIMU,210,11,139,57,-101,5*66
1426509538.680153,$SFIMU,213,14,139,58,-80,6*54
1426509538.690130,$SFIMU,211,12,138,57,-79,5*5B
1426509538.700130,$SFIMU,215,12,138,57,-78,5*5E
1426509538.709166,$SFIMU,213,10,139,58,-49,4*57
1426509538.719194,$SFIMU,217,10,138,59,-47,4*5D
1426509538.729136,$SFIMU,215,11,135,57,-36,4*5B
1426509538.739152,$SFIMU,214,12,135,56,-21,5*5F
1426509538.749089,$SFIMU,214,11,138,62,2,2*4D
1426509538.758125,$SFIMU,216,9,135,58,20,3*43
1426509538.768104,$SFIMU,216,12,136,57,42,5*77
1426509538.778097,$SFIMU,216,13,135,60,47,4*75
1426509538.788090,$SFIMU,214,12,139,57,59,2*77
1426509538.798034,$SFIMU,215,11,137,57,55,6*73
1426509538.808039,$SFIMU,217,10,137,60,58,6*79
1426509538.818063,$SFIMU,215,11,138,59,49,1*78
1426509538.827136,$SFIMU,218,12,137,60,49,7*75
1426509538.837113,$SFIMU,213,14,138,58,59,3*79
1426509538.847145,$SFIMU,216,10,142,57,61,6*74
1426509538.857090,$SFIMU,215,12,137,58,64,2*79
1426509538.867139,$SFIMU,215,12,139,59,56,3*76
1426509538.877070,$SFIMU,214,10,138,59,48,3*7B
1426509538.887099,$SFIMU,216,12,135,59,52,5*7B
1426509538.896105,$SFIMU,217,12,138,59,65,4*72
1426509538.906139,$SFIMU,216,9,138,58,67,5*4B
1426509538.916054,$SFIMU,215,11,136,59,62,6*78
1426509538.926037,$SFIMU,213,12,141,60,53,4*77
1426509538.935986,$SFIMU,215,10,139,58,28,1*7E
1426509538.946034,$SFIMU,212,11,138,58,11,3*71
1426509538.954982,$SFIMU,213,9,140,57,5,3*7C
1426509538.964949,$SFIMU,217,11,139,58,-1,3*69
1426509538.975024,$SFIMU,216,11,141,58,-13,3*54
1426509538.984938,$SFIMU,213,10,141,56,-21,5*59
1426509538.994919,$SFIMU,216,9,138,59,-36,4*62
1426509539.004982,$SFIMU,215,11,138,59,-52,4*5A
1426509539.014994,$SFIMU,215,13,133,58,-65,7*55
1426509539.024984,$SFIMU,214,14,139,60,-99,8*5E
1426509539.034970,$SFIMU,216,13,135,59,-114,6*67
1426509539.044867,$SFIMU,215,13,135,58,-115,7*65
1426509539.054442,$SFIMU,215,12,135,58,-108,7*68
1426509539.063987,$SFIMU,216,13,137,58,-86,6*5E
1426509539.073890,$SFIMU,220,13,130,57,-95,7*50
1426509539.083917,$SFIMU,218,11,133,59,-81,4*52
1426509539.093945,$SFIMU,218,11,135,57,-76,4*52
1426509539.103920,$SFIMU,220,10,133,58,-83,4*5B
1426509539.112958,$SFIMU,219,12,136,59,-96,5*52
1426509539.122960,$SFIMU,219,11,135,56,-97,5*5C
1426509539.132935,$SFIMU,219,12,133,58,-109,1*65
1426509539.142925,$SFIMU,221,10,130,57,-99,8*51
1426509539.152870,$SFIMU,220,11,131,60,-66,5*59
1426509539.162883,$SFIMU,219,13,131,58,-24,7*5E
1426509539.171847,$SFIMU,221,13,129,59,16,2*74
1426509539.181889,$SFIMU,223,13,132,57,48,4*7F
1426509539.191855,$SFIMU,220,11,134,59,52,4*7D
1426509539.201796,$SFIMU,216,11,139,60,41,5*7C
1426509539.211849,$SFIMU,220,12,134,57,28,4*7D
1426509539.220877,$SFIMU,218,11,132,57,8,3*46
1426509539.231841,$SFIMU,221,12,137,60,-10,4*5D
1426509539.241786,$SFIMU,222,13,131,58,-22,5*52
1426509539.250805,$SFIMU,219,14,131,59,-30,6*5C
1426509539.260827,$SFIMU,219,13,135,58,-35,3*5E
1426509539.270769,$SFIMU,222,10,131,59,-39,2*5D
1426509539.280812,$SFIMU,221,10,132,60,-40,4*5F
1426509539.290795,$SFIMU,221,10,133,59,-42,4*56
1426509539.300741,$SFIMU,219,12,131,56,-38,4*5F
1426509539.310771,$SFIMU,223,10,130,56,-37,5*5B
1426509539.319794,$SFIMU,224,12,129,59,-32,0*59
1426509539.329784,$SFIMU,223,12,129,58,-32,4*5B
1426509539.339799,$SFIMU,223,13,131,58,-36,3*50
1426509539.349784,$SFIMU,225,14,130,59,-41,4*56
1426509539.359788,$SFIMU,224,13,131,58,-54,4*54
1426509539.369726,$SFIMU,223,12,131,58,-68,5*5C
1426509539.379733,$SFIMU,225,13,132,56,-72,5*5D
1426509539.388751,$SFIMU,224,13,126,58,-65,7*53
1426509539.398678,$SFIMU,225,13,131,59,-64,4*57
1426509539.408692,$SFIMU,227,12,130,57,-67,3*5F
1426509539.418646,$SFIMU,221,12,130,59,-65,7*51
1426509539.428707,$SFIMU,224,13,128,56,-61,5*55
1426509539.438732,$SFIMU,224,12,128,58,-65,3*58
1426509539.448663,$SFIMU,225,14,127,61,-72,3*5C
1426509539.457658,$SFIMU,223,12,129,60,-72,2*52
1426509539.467671,$SFIMU,229,13,127,57,-61,6*55
1426509539.477705,$SFIMU,225,12,129,59,-55,5*5C
1426509539.487629,$SFIMU,229,12,129,56,-55,3*59
1426509539.497624,$SFIMU,225,11,128,58,-61,2*5F
1426509539.507683,$SFIMU,226,12,130,60,-76,6*5F
1426509539.517663,$SFIMU,229,11,127,59,-73,4*58
1426509539.526675,$SFIMU,226,12,129,59,-81,4*57
1426509539.536653,$SFIMU,226,11,128,56,-93,4*59
1426509539.546657,$SFIMU,229,13,126,59,-91,6*55
1426509539.556603,$SFIMU,227,13,124,57,-82,3*50
1426509539.566635,$SFIMU,230,12,123,60,-56,5*5B
1426509539.576606,$SFIMU,228,11,124,58,-36,4*5A
1426509539.586509,$SFIMU,227,11,125,57,-20,3*5B
1426509539.595497,$SFIMU,228,10,126,58,-27,5*58
1426509539.605598,$SFIMU,230,11,126,57,-27,4*5E
1426509539.615546,$SFIMU,229,12,121,58,-29,6*51
1426509539.625863,$SFIMU,230,14,124,61,-29,3*55
1426509539.635813,$SFIMU,228,11,122,59,-27,6*5F
1426509539.645782,$SFIMU,230,13,124,58,-29,4*5F
1426509539.660673,$SFIMU,233,11,125,58,-37,4*50
1426509539.665518,$SFIMU,230,9,123,55,-48,5*68
1426509539.674487,$SFIMU,230,16,122,57,-62,4*5C
1426509539.684484,$SFIMU,230,11,122,59,-76,2*56
1426509539.694447,$SFIMU,230,10,126,56,-80,3*54
1426509539.704439,$SFIMU,230,11,126,58,-93,3*59
1426509539.714426,$SFIMU,233,10,125,60,-96,4*51
1426509539.724440,$SFIMU,232,11,124,55,-99,4*59
1426509539.734480,$SFIMU,233,12,121,61,-122,5*69
1426509539.743842,$SFIMU,233,11,123,57,-96,3*55
1426509539.753499,$SFIMU,234,11,122,58,-92,4*5F
1426509539.763539,$SFIMU,233,13,121,59,-92,5*59
1426509539.773449,$SFIMU,234,14,122,59,-86,5*5F
1426509539.783461,$SFIMU,235,12,122,58,-78,4*59
1426509539.793415,$SFIMU,236,13,121,59,-66,4*56
1426509539.802669,$SFIMU,235,9,123,58,-63,4*68
1426509539.812636,$SFIMU,236,11,119,60,-44,2*53
1426509539.822398,$SFIMU,235,14,120,57,-34,4*5A
1426509539.832393,$SFIMU,238,10,120,59,-11,5*5B
1426509539.842435,$SFIMU,235,12,118,59,10,7*71
1426509539.852350,$SFIMU,237,12,121,59,21,4*78
1426509539.861429,$SFIMU,236,10,120,58,17,2*78
1426509539.871474,$SFIMU,234,11,121,59,10,3*7D
1426509539.881417,$SFIMU,235,13,119,57,2,4*4F
1426509539.891407,$SFIMU,237,13,121,59,-10,3*51
1426509539.901437,$SFIMU,237,12,123,58,-20,3*50
1426509539.911396,$SFIMU,237,14,118,59,-26,5*5F
1426509539.921331,$SFIMU,234,14,118,59,-23,4*58
1426509539.931321,$SFIMU,241,13,120,59,-25,3*57
1426509539.941384,$SFIMU,236,11,119,58,-27,4*5B
1426509539.950391,$SFIMU,237,9,120,56,-31,3*67
1426509539.960365,$SFIMU,237,8,118,55,-28,2*67
1426509539.970369,$SFIMU,238,12,117,59,-18,6*57
1426509539.980344,$SFIMU,235,11,118,56,-16,5*54
1426509539.990323,$SFIMU,235,12,118,62,-9,4*6F
1426509540.000341,$SFIMU,235,10,118,61,-23,5*57
1426509540.009385,$SFIMU,236,9,119,61,-47,4*6E
1426509540.019335,$SFIMU,237,11,122,57,-81,5*50
1426509540.029355,$SFIMU,238,12,113,57,-108,7*6C
1426509540.039374,$SFIMU,236,11,117,59,-119,5*69
1426509540.049365,$SFIMU,238,11,115,57,-118,4*6B
1426509540.059355,$SFIMU,240,11,114,58,-101,2*64
1426509540.069320,$SFIMU,239,11,116,57,-82,7*58
1426509540.079300,$SFIMU,241,12,116,57,-68,3*54
1426509540.088261,$SFIMU,243,11,115,62,-60,1*5A
1426509540.098274,$SFIMU,239,13,115,58,-47,2*5A
1426509540.108252,$SFIMU,240,13,116,59,-50,3*51
1426509540.118245,$SFIMU,240,12,112,59,-52,4*51
1426509540.128322,$SFIMU,241,13,114,58,-51,3*52
1426509540.138296,$SFIMU,242,11,114,58,-53,4*56
1426509540.148290,$SFIMU,240,13,115,61,-38,4*50
1426509540.157279,$SFIMU,243,15,109,55,-13,5*57
1426509540.167310,$SFIMU,242,13,110,58,17,8*71
1426509540.177289,$SFIMU,243,12,116,57,38,0*7D
1426509540.187218,$SFIMU,240,12,116,58,45,6*7D
1426509540.197120,$SFIMU,241,14,113,56,37,4*76
1426509540.207115,$SFIMU,242,13,112,60,21,3*76
1426509540.216267,$SFIMU,242,10,118,59,14,3*73
1426509540.231823,$SFIMU,240,12,114,57,3,4*40
1426509540.236514,$SFIMU,239,12,114,55,4,4*4B
1426509540.245697,$SFIMU,241,12,110,57,0,2*40
1426509540.256031,$SFIMU,242,11,116,60,4,3*47
1426509540.266274,$SFIMU,243,11,112,57,8,4*4D
1426509540.275377,$SFIMU,242,12,108,56,11,5*7C
1426509540.286732,$SFIMU,243,11,110,59,17,6*7D
1426509540.295334,$SFIMU,241,12,111,58,14,1*78
1426509540.305272,$SFIMU,243,13,116,55,8,3*4E
1426509540.315318,$SFIMU,243,15,110,56,5,5*46
1426509540.325290,$SFIMU,243,13,116,59,-1,4*61
1426509540.334323,$SFIMU,243,11,112,58,2,4*48
1426509540.344311,$SFIMU,241,13,111,58,7,3*49
1426509540.354292,$SFIMU,245,13,112,59,17,4*79
1426509540.364284,$SFIMU,241,9,113,59,18,4*48
1426509540.374272,$SFIMU,241,12,113,58,30,6*7B
1426509540.384263,$SFIMU,244,12,112,58,46,7*7F
1426509540.394320,$SFIMU,244,12,112,58,48,5*73
1426509540.403333,$SFIMU,243,12,113,60,47,4*70
1426509540.413253,$SFIMU,243,11,112,57,46,5*76
1426509540.423240,$SFIMU,246,12,112,57,41,2*70
1426509540.433241,$SFIMU,241,12,115,59,56,6*7C
1426509540.443232,$SFIMU,242,10,113,58,50,4*7E
1426509540.453259,$SFIMU,243,11,115,59,53,4*7A
1426509540.463218,$SFIMU,244,12,113,60,59,3*7F
1426509540.472226,$SFIMU,243,11,116,59,70,6*7A
1426509540.482204,$SFIMU,242,12,113,57,78,6*7B
1426509540.492176,$SFIMU,241,12,113,56,79,6*78
1426509540.502116,$SFIMU,240,10,116,59,73,3*7E
1426509540.512114,$SFIMU,242,11,115,57,69,5*7D
1426509540.521433,$SFIMU,243,13,111,57,66,5*75
1426509540.531230,$SFIMU,242,12,114,59,60,5*78
1426509540.541501,$SFIMU,240,11,112,58,55,4*79
1426509540.551529,$SFIMU,241,12,115,57,56,2*76
1426509540.561451,$SFIMU,242,12,111,59,59,4*76
1426509540.571395,$SFIMU,241,11,113,59,62,4*7C
1426509540.581511,$SFIMU,244,13,116,57,62,1*75
1426509540.590541,$SFIMU,242,11,111,59,62,2*7B
1426509540.600413,$SFIMU,239,11,113,59,71,6*73
1426509540.610107,$SFIMU,243,12,113,59,70,2*78
1426509540.620163,$SFIMU,239,13,112,58,71,5*72
1426509540.630143,$SFIMU,241,11,114,60,59,3*7E
1426509540.640140,$SFIMU,241,14,114,59,63,4*7F
1426509540.650133,$SFIMU,241,9,113,60,56,2*4E
1426509540.660140,$SFIMU,242,13,113,59,64,4*7B
1426509540.669156,$SFIMU,240,12,115,59,69,3*74
1426509540.679163,$SFIMU,241,12,116,59,86,3*77
1426509540.689163,$SFIMU,242,11,113,57,114,7*42
1426509540.699181,$SFIMU,243,12,111,60,138,4*4B
1426509540.709119,$SFIMU,241,10,112,60,169,2*4A
1426509540.719085,$SFIMU,241,12,113,60,189,4*41
1426509540.729091,$SFIMU,238,11,114,63,193,3*44
1426509540.739066,$SFIMU,240,13,118,59,204,5*47
1426509540.748067,$SFIMU,242,13,114,62,212,6*45
1426509540.758106,$SFIMU,239,13,117,68,231,13*75
1426509540.768069,$SFIMU,241,11,113,68,267,12*7E
1426509540.778092,$SFIMU,241,10,113,64,308,6*4E
1426509540.788076,$SFIMU,237,11,120,60,348,1*49
1426509540.798076,$SFIMU,235,10,120,59,358,4*44
1426509540.807083,$SFIMU,235,14,120,61,376,4*47
1426509540.817115,$SFIMU,236,12,120,62,430,1*41
1426509540.827137,$SFIMU,234,14,122,58,409,2*47
1426509540.837014,$SFIMU,235,13,123,62,409,2*49
1426509540.847000,$SFIMU,232,14,129,58,369,3*4A
1426509540.857095,$SFIMU,230,11,127,59,336,1*4A
1426509540.866931,$SFIMU,230,14,127,60,307,2*44
1426509540.875945,$SFIMU,229,13,127,59,281,4*48
1426509540.885955,$SFIMU,229,11,125,58,263,2*43
1426509540.895911,$SFIMU,227,11,128,59,256,3*46
1426509540.905908,$SFIMU,229,10,128,57,251,1*42
1426509540.915942,$SFIMU,227,10,127,59,250,3*4E
1426509540.925916,$SFIMU,229,10,127,59,257,1*45
1426509540.935298,$SFIMU,227,12,126,60,272,3*47
1426509540.945292,$SFIMU,223,13,128,58,284,3*4E
1426509540.955206,$SFIMU,223,10,128,62,288,2*49
1426509540.965190,$SFIMU,224,12,129,62,281,2*44
1426509540.975316,$SFIMU,223,11,130,61,270,3*44
1426509540.984284,$SFIMU,225,10,130,60,269,3*4A
1426509540.994192,$SFIMU,223,14,125,60,275,1*43
1426509541.003931,$SFIMU,222,14,130,58,288,5*4B
1426509541.013889,$SFIMU,221,11,130,60,300,3*41
1426509541.023931,$SFIMU,223,13,131,60,313,2*43
1426509541.033898,$SFIMU,221,11,133,58,307,2*4F
1426509541.043903,$SFIMU,219,15,135,59,294,2*4C
1426509541.053905,$SFIMU,220,12,132,59,286,3*44
1426509541.063850,$SFIMU,217,11,134,60,297,3*4F
1426509541.072846,$SFIMU,219,13,135,59,319,2*4E
1426509541.083146,$SFIMU,218,12,136,58,328,2*4E
1426509541.093214,$SFIMU,219,12,132,61,335,2*4D
1426509541.103229,$SFIMU,213,11,139,59,339,5*4F
1426509541.113069,$SFIMU,216,15,133,59,337,6*49
1426509541.122779,$SFIMU,216,10,137,61,333,2*43
1426509541.132760,$SFIMU,215,12,137,65,333,3*47
1426509541.141911,$SFIMU,214,13,138,60,331,2*4E
1426509541.151792,$SFIMU,213,14,137,60,333,3*42
1426509541.161853,$SFIMU,210,13,138,58,338,4*4E
1426509541.171837,$SFIMU,211,12,140,63,350,1*42
1426509541.181867,$SFIMU,207,10,144,59,366,5*4B
1426509541.191836,$SFIMU,210,10,143,57,380,2*4B
1426509541.201851,$SFIMU,207,11,142,61,385,1*4E
1426509541.210823,$SFIMU,206,12,145,58,375,2*4D
1426509541.220832,$SFIMU,207,13,145,60,364,4*40
1426509541.230822,$SFIMU,206,10,146,58,347,4*4B
1426509541.240781,$SFIMU,204,12,145,62,334,2*43
1426509541.250781,$SFIMU,206,11,144,61,319,3*4E
1426509541.260764,$SFIMU,202,11,152,63,309,0*4D
1426509541.270754,$SFIMU,204,10,148,60,291,4*46
1426509541.279770,$SFIMU,201,11,147,60,285,2*4E
1426509541.289759,$SFIMU,200,10,146,60,279,3*4D
1426509541.299753,$SFIMU,200,14,147,64,283,4*4E
1426509541.309755,$SFIMU,200,13,150,61,258,6*4E
1426509541.319726,$SFIMU,199,13,150,60,244,4*43
1426509541.329717,$SFIMU,198,12,152,62,238,3*4F
1426509541.338756,$SFIMU,197,11,153,59,247,6*47
1426509541.348701,$SFIMU,198,12,149,60,248,3*40
1426509541.358695,$SFIMU,198,12,152,62,236,3*41
1426509541.368678,$SFIMU,199,10,153,60,221,5*41
1426509541.378726,$SFIMU,197,13,153,61,204,3*4C
1426509541.388672,$SFIMU,196,13,153,62,183,5*44
1426509541.398670,$SFIMU,195,12,155,62,171,4*4C
1426509541.407667,$SFIMU,195,12,151,60,180,2*42
1426509541.417665,$SFIMU,196,14,147,59,198,3*42
1426509541.427659,$SFIMU,192,10,151,57,223,5*4E
1426509541.437611,$SFIMU,195,12,153,65,234,8*43
1426509541.447624,$SFIMU,193,10,153,68,236,13*72
1426509541.457912,$SFIMU,193,10,155,69,245,14*76
1426509541.467935,$SFIMU,192,11,156,66,248,11*72
1426509541.476597,$SFIMU,191,10,154,60,246,7*4D
1426509541.486617,$SFIMU,190,13,153,60,242,6*4D
1426509541.496620,$SFIMU,188,12,151,63,248,4*4C
1426509541.506646,$SFIMU,189,11,155,59,256,4*4C
1426509541.516615,$SFIMU,190,12,159,60,272,6*45
1426509541.526590,$SFIMU,189,13,157,63,278,6*4B
1426509541.536568,$SFIMU,189,14,155,58,286,1*40
1426509541.546877,$SFIMU,189,12,156,60,278,3*4D
1426509541.555895,$SFIMU,189,10,158,61,288,3*4F
1426509541.565491,$SFIMU,185,12,158,60,284,4*4B
1426509541.575538,$SFIMU,187,9,163,60,282,5*7C
1426509541.585567,$SFIMU,184,13,157,59,281,2*4D
1426509541.595565,$SFIMU,186,11,159,61,291,4*4F
1426509541.605465,$SFIMU,186,13,158,62,307,1*44
1426509541.614529,$SFIMU,183,11,159,58,336,1*49
1426509541.624544,$SFIMU,183,11,159,61,351,3*40
1426509541.634752,$SFIMU,183,12,161,59,367,0*45
1426509541.644511,$SFIMU,182,11,161,60,371,2*48
1426509541.654522,$SFIMU,180,9,162,56,373,2*77
1426509541.664485,$SFIMU,180,12,165,59,371,1*44
1426509541.674504,$SFIMU,177,12,168,58,371,-1*6D
1426509541.684441,$SFIMU,179,13,163,59,375,1*41
1426509541.693844,$SFIMU,174,11,168,59,393,3*4F
1426509541.703742,$SFIMU,174,13,166,61,403,2*47
1426509541.713709,$SFIMU,170,10,166,58,413,1*48
1426509541.723657,$SFIMU,173,12,166,59,408,-1*6F
1426509541.733719,$SFIMU,171,10,164,55,404,-4*68
1426509541.743801,$SFIMU,170,12,171,61,405,-5*68
1426509541.752474,$SFIMU,172,9,166,57,401,-5*57
1426509541.764801,$SFIMU,167,11,167,60,411,-4*6F
1426509541.772442,$SFIMU,163,11,168,58,425,-6*6A
1426509541.782428,$SFIMU,164,10,165,57,448,-1*62
1426509541.792401,$SFIMU,164,13,171,60,459,-3*62
1426509541.802770,$SFIMU,161,10,173,58,472,-2*65
1426509541.812429,$SFIMU,162,11,170,58,484,-1*6E
1426509541.822709,$SFIMU,158,11,176,58,480,-7*63
1426509541.833175,$SFIMU,161,11,172,56,486,-10*53
1426509541.843431,$SFIMU,155,9,171,54,494,-10*6F
1426509541.852447,$SFIMU,157,11,175,55,491,-10*54
1426509541.861707,$SFIMU,155,13,175,53,488,-8*63
1426509541.872272,$SFIMU,153,11,177,60,485,-5*65
1426509541.882927,$SFIMU,154,11,180,62,468,2*41
1426509541.890759,$SFIMU,150,10,180,59,454,2*43
1426509541.900929,$SFIMU,151,12,179,60,450,4*4E
1426509541.911418,$SFIMU,148,12,177,60,456,1*4B
1426509541.922017,$SFIMU,146,12,183,62,456,6*4B
1426509541.930109,$SFIMU,146,13,178,61,464,4*4E
1426509541.940828,$SFIMU,145,10,180,61,469,2*42
1426509541.951165,$SFIMU,142,9,186,60,472,-1*5E
1426509541.961734,$SFIMU,139,10,184,63,460,2*46
1426509541.969444,$SFIMU,138,9,184,60,439,3*71
1426509541.979803,$SFIMU,136,11,186,63,429,2*47
1426509541.990324,$SFIMU,136,10,180,60,424,2*4E
1426509542.000952,$SFIMU,135,10,184,62,439,2*47
1426509542.009091,$SFIMU,133,10,184,62,431,4*4F
1426509542.019659,$SFIMU,132,9,184,61,414,-1*5A
1426509542.030176,$SFIMU,133,11,185,61,394,1*41
1426509542.038212,$SFIMU,130,8,188,63,393,3*70
1426509542.048256,$SFIMU,130,11,186,61,394,3*43
1426509542.064329,$SFIMU,130,11,188,59,391,0*40
1426509542.069011,$SFIMU,128,11,187,59,400,4*4D
1426509542.077388,$SFIMU,128,11,186,62,392,2*4E
1426509542.087490,$SFIMU,127,10,188,59,382,3*46
1426509542.097391,$SFIMU,124,9,190,58,371,1*7B
1426509542.107382,$SFIMU,125,11,191,59,349,4*4D
1426509542.117511,$SFIMU,122,11,188,58,334,2*4F
1426509542.126732,$SFIMU,124,12,188,61,342,3*40
1426509542.137394,$SFIMU,122,12,189,61,341,4*43
1426509542.146396,$SFIMU,123,10,191,62,344,7*4C
1426509542.156437,$SFIMU,120,11,188,60,341,3*45
1426509542.166398,$SFIMU,118,13,188,59,336,3*46
1426509542.176494,$SFIMU,117,11,193,61,327,2*4B
1426509542.186798,$SFIMU,118,12,193,59,320,2*4B
1426509542.196340,$SFIMU,117,12,192,59,312,2*44
1426509542.206324,$SFIMU,113,11,190,59,319,4*4C
1426509542.215372,$SFIMU,112,10,192,61,334,3*4D
1426509542.225342,$SFIMU,111,10,195,58,332,0*46
1426509542.235399,$SFIMU,109,11,191,62,315,4*42
1426509542.245344,$SFIMU,109,10,194,63,310,4*42
1426509542.255366,$SFIMU,110,11,195,57,306,4*4A
1426509542.264592,$SFIMU,107,13,191,60,296,3*41
1426509542.275291,$SFIMU,110,11,192,59,305,2*46
1426509542.284377,$SFIMU,108,14,190,62,316,5*45
1426509542.294329,$SFIMU,108,11,192,62,339,0*4A
1426509542.304297,$SFIMU,105,10,189,62,359,2*48
1426509542.314289,$SFIMU,104,9,192,58,361,5*7E
1426509542.323629,$SFIMU,104,11,192,61,369,5*45
1426509542.334275,$SFIMU,103,12,190,63,381,2*40
1426509542.343288,$SFIMU,100,11,193,61,403,0*4E
1426509542.353253,$SFIMU,99,8,193,60,410,2*46
1426509542.363322,$SFIMU,97,10,195,60,409,1*7C
1426509542.373329,$SFIMU,99,10,196,61,403,2*79
1426509542.382699,$SFIMU,93,9,199,58,406,1*48
1426509542.393282,$SFIMU,93,11,195,60,407,1*77
1426509542.402330,$SFIMU,92,10,195,60,404,1*74
1426509542.412301,$SFIMU,95,10,197,60,408,2*7E
1426509542.422258,$SFIMU,92,11,194,62,413,2*73
1426509542.432290,$SFIMU,90,13,198,62,382,2*70
1426509542.442246,$SFIMU,89,11,203,63,333,2*70
1426509542.451719,$SFIMU,88,12,199,57,305,5*77
1426509542.461208,$SFIMU,86,8,200,58,286,6*47
1426509542.471177,$SFIMU,85,11,198,59,274,5*71
1426509542.481183,$SFIMU,86,10,196,57,276,1*75
1426509542.491199,$SFIMU,83,7,198,58,286,4*4D
1426509542.501573,$SFIMU,83,9,194,59,307,3*41
1426509542.511201,$SFIMU,82,10,201,62,331,4*7D
1426509542.521259,$SFIMU,78,11,198,61,296,3*72
1426509542.530190,$SFIMU,79,9,202,59,286,3*40
1426509542.540209,$SFIMU,80,8,196,59,296,4*4F
1426509542.550194,$SFIMU,79,9,197,59,320,5*44
1426509542.560172,$SFIMU,77,13,198,61,324,8*7C
1426509542.570177,$SFIMU,76,9,198,61,328,6*44
1426509542.580127,$SFIMU,76,10,197,60,332,5*7A
1426509542.590158,$SFIMU,74,11,201,58,344,3*79
1426509542.599126,$SFIMU,72,7,201,61,339,0*4B
1426509542.609138,$SFIMU,76,8,202,57,347,5*4A
1426509542.619122,$SFIMU,72,10,200,59,349,1*71
1426509542.629194,$SFIMU,70,9,203,57,367,2*49
1426509542.639276,$SFIMU,71,7,200,59,380,1*41
1426509542.648583,$SFIMU,68,11,198,58,386,1*7B
1426509542.662643,$SFIMU,66,10,199,60,397,5*7A
1426509542.668144,$SFIMU,65,12,200,62,381,3*7B
1426509542.678028,$SFIMU,63,8,201,60,381,4*42
1426509542.688236,$SFIMU,64,13,204,62,350,-1*5C
1426509542.698123,$SFIMU,63,10,202,60,337,1*70
1426509542.707803,$SFIMU,64,9,202,60,354,3*48
1426509542.719087,$SFIMU,61,10,202,60,336,-1*5E
1426509542.727260,$SFIMU,60,10,203,61,311,2*74
1426509542.737365,$SFIMU,60,11,203,60,310,3*74
1426509542.747360,$SFIMU,58,11,199,61,321,2*7D
1426509542.757136,$SFIMU,60,9,203,58,337,2*42
1426509542.767113,$SFIMU,56,9,200,60,339,0*43
1426509542.776798,$SFIMU,58,7,201,60,347,3*48
1426509542.786547,$SFIMU,54,10,203,59,385,0*77
1426509542.796717,$SFIMU,53,7,203,60,404,0*42
1426509542.807112,$SFIMU,51,8,202,61,409,2*40
1426509542.816984,$SFIMU,51,9,204,63,407,2*4B
1426509542.827100,$SFIMU,49,7,205,59,404,0*45
1426509542.837082,$SFIMU,48,10,204,62,380,3*73
1426509542.846471,$SFIMU,45,11,204,59,381,4*71
1426509542.855427,$SFIMU,44,12,205,60,387,1*7B
1426509542.866660,$SFIMU,45,9,206,61,393,2*44
1426509542.875449,$SFIMU,43,10,206,67,381,4*79
1426509542.885329,$SFIMU,41,11,205,61,363,2*75
1426509542.895250,$SFIMU,40,10,207,61,349,2*7F
1426509542.905243,$SFIMU,40,12,203,59,331,4*7B
1426509542.916003,$SFIMU,39,10,203,63,334,3*7C
1426509542.924388,$SFIMU,39,10,202,61,339,6*77
1426509542.934402,$SFIMU,36,11,204,60,337,4*72
1426509542.944358,$SFIMU,31,10,207,61,348,9*73
1426509542.954346,$SFIMU,36,11,201,64,340,7*70
1426509542.964362,$SFIMU,31,9,204,60,339,3*45
1426509542.974248,$SFIMU,31,9,204,61,334,3*49
1426509542.983178,$SFIMU,33,9,202,63,321,4*4C
1426509542.992955,$SFIMU,29,8,205,60,326,3*42
1426509543.003341,$SFIMU,28,7,204,61,321,3*4B
1426509543.013295,$SFIMU,28,8,201,63,337,1*46
1426509543.023337,$SFIMU,26,6,207,59,343,2*49
1426509543.033341,$SFIMU,25,10,207,60,330,1*70
1426509543.043304,$SFIMU,22,11,206,61,338,3*7C
1426509543.053521,$SFIMU,23,7,205,62,355,1*43
1426509543.061931,$SFIMU,21,9,212,62,323,1*48
1426509543.072257,$SFIMU,24,7,206,61,292,2*4D
1426509543.082276,$SFIMU,23,12,203,60,303,1*70
1426509543.092310,$SFIMU,21,10,206,61,288,5*72
1426509543.102240,$SFIMU,21,9,207,62,255,3*4E
1426509543.112249,$SFIMU,20,10,211,56,194,5*7F
1426509543.121261,$SFIMU,18,9,210,52,99,5*75
1426509543.131246,$SFIMU,21,9,207,55,79,2*77
1426509543.141116,$SFIMU,19,8,208,56,68,5*76
1426509543.151121,$SFIMU,18,7,204,54,60,3*78
1426509543.159969,$SFIMU,20,9,208,56,58,7*7C
1426509543.169873,$SFIMU,18,7,207,56,49,4*75
1426509543.179886,$SFIMU,18,9,204,58,40,9*72
1426509543.189806,$SFIMU,18,9,206,56,31,5*74
1426509543.199880,$SFIMU,17,10,206,56,16,2*41
1426509543.209854,$SFIMU,18,9,201,55,36,2*70
1426509543.219824,$SFIMU,3,13,267,52,136,3*46
1426509543.230211,$SFIMU,23,10,197,51,38,4*40
1426509543.239051,$SFIMU,18,7,207,52,53,4*7A
1426509543.248845,$SFIMU,15,8,208,54,53,6*73
1426509543.261674,$SFIMU,18,8,203,57,39,6*7A
1426509543.268706,$SFIMU,18,12,206,55,36,7*48
1426509543.278135,$SFIMU,18,7,205,57,36,4*7E
1426509543.289075,$SFIMU,15,10,203,56,39,6*4F
1426509543.298947,$SFIMU,19,10,204,57,44,5*4C
1426509543.308011,$SFIMU,20,9,205,55,47,6*7D
1426509543.318043,$SFIMU,18,11,201,58,40,7*40
1426509543.327999,$SFIMU,17,9,203,56,50,6*7A
1426509543.338038,$SFIMU,20,8,205,55,62,5*78
1426509543.348125,$SFIMU,16,8,206,59,52,5*71
1426509543.358794,$SFIMU,16,9,206,54,51,7*7C
1426509543.367729,$SFIMU,18,8,204,54,50,7*70
1426509543.377728,$SFIMU,16,9,209,55,49,5*79
1426509543.387782,$SFIMU,18,7,206,55,46,6*7A
1426509543.397518,$SFIMU,16,10,204,54,47,4*42
1426509543.407118,$SFIMU,16,9,208,57,52,7*72
1426509543.417035,$SFIMU,15,8,209,50,72,3*70
1426509543.427041,$SFIMU,15,12,204,48,89,4*4C
1426509543.435967,$SFIMU,16,9,208,49,77,6*7B
1426509543.445973,$SFIMU,17,10,203,50,69,3*4B
1426509543.457137,$SFIMU,18,10,203,58,49,9*44
1426509543.466066,$SFIMU,15,6,205,57,42,6*73
1426509543.476080,$SFIMU,16,9,206,58,36,4*72
1426509543.487173,$SFIMU,18,9,208,58,37,7*70
1426509543.496031,$SFIMU,19,9,206,56,38,6*7F
1426509543.504923,$SFIMU,17,9,206,56,54,6*7B
1426509543.514915,$SFIMU,17,10,204,52,52,7*42
1426509543.524872,$SFIMU,15,11,203,51,51,8*49
1426509543.536182,$SFIMU,16,10,206,54,53,6*47
1426509543.545071,$SFIMU,15,8,206,57,52,7*7E
1426509543.555094,$SFIMU,16,9,208,55,49,9*74
1426509543.565037,$SFIMU,17,10,203,55,48,7*49
1426509543.575029,$SFIMU,18,10,203,59,45,7*47
1426509543.585034,$SFIMU,17,11,209,57,49,10*77
1426509543.593959,$SFIMU,16,12,204,55,49,8*43
1426509543.603981,$SFIMU,16,9,205,55,52,7*7D
1426509543.613660,$SFIMU,19,11,205,56,58,9*4C
1426509543.624605,$SFIMU,15,9,203,54,59,7*72
1426509543.634477,$SFIMU,16,11,207,56,56,10*77
1426509543.642998,$SFIMU,16,10,208,55,58,7*42
1426509543.653010,$SFIMU,16,7,204,55,54,7*74
1426509543.662994,$SFIMU,16,8,206,54,60,8*70
1426509543.673055,$SFIMU,14,10,207,53,45,9*4B
1426509543.682177,$SFIMU,14,8,208,54,49,12*4C
1426509543.692687,$SFIMU,15,9,206,53,45,12*49
1426509543.702735,$SFIMU,13,8,206,56,46,12*48
1426509543.711780,$SFIMU,20,8,208,54,47,10*47
1426509543.721664,$SFIMU,19,8,208,57,43,10*4A
1426509543.731657,$SFIMU,17,9,205,57,47,9*74
1426509543.741758,$SFIMU,16,9,207,56,39,8*7E
1426509543.751672,$SFIMU,16,10,206,56,44,10*74
1426509543.761665,$SFIMU,18,9,205,55,46,10*40
1426509543.770964,$SFIMU,17,7,204,56,44,9*79
1426509543.781756,$SFIMU,15,11,205,55,43,11*70
1426509543.790533,$SFIMU,15,9,207,54,44,9*74
1426509543.800564,$SFIMU,14,10,207,52,42,11*74
1426509543.810581,$SFIMU,14,10,204,55,44,9*4F
1426509543.820603,$SFIMU,15,10,204,54,44,6*40
1426509543.831365,$SFIMU,16,9,206,54,43,9*71
1426509543.840236,$SFIMU,17,9,204,54,40,6*7E
1426509543.850314,$SFIMU,16,8,205,56,42,10*48
1426509543.861105,$SFIMU,14,7,206,54,42,10*44
1426509543.869575,$SFIMU,15,9,204,53,46,9*72
1426509543.879499,$SFIMU,14,11,207,55,44,10*75
1426509543.890030,$SFIMU,17,7,209,55,47,12*4E
1426509543.899609,$SFIMU,17,9,209,55,43,9*7E
1426509543.908562,$SFIMU,17,8,201,53,43,5*7D
1426509543.919690,$SFIMU,14,10,202,54,45,10*71
1426509543.928508,$SFIMU,14,8,202,55,46,10*4A
1426509543.938547,$SFIMU,17,10,206,53,45,8*48
1426509543.948769,$SFIMU,15,10,207,51,47,8*4B
1426509543.958876,$SFIMU,15,10,207,52,51,7*40
1426509543.968836,$SFIMU,15,8,207,55,48,9*78
1426509543.977665,$SFIMU,17,9,205,53,47,6*7F
1426509543.988462,$SFIMU,16,8,207,54,44,6*79
1426509543.997897,$SFIMU,18,10,210,57,46,9*46
1426509544.008300,$SFIMU,15,10,202,58,38,9*4E
1426509544.018557,$SFIMU,16,11,207,60,35,7*41
1426509544.028909,$SFIMU,14,8,207,57,42,8*70
1426509544.039419,$SFIMU,15,11,205,54,40,8*4A
1426509544.046958,$SFIMU,16,8,205,56,43,8*70
1426509544.057484,$SFIMU,15,10,205,58,40,10*7E
1426509544.067475,$SFIMU,14,8,205,57,42,9*73
1426509544.077469,$SFIMU,18,10,202,57,45,7*48
1426509544.087324,$SFIMU,15,11,203,54,41,9*4C
1426509544.097436,$SFIMU,15,9,204,56,44,8*74
1426509544.105795,$SFIMU,15,6,207,56,40,5*71
1426509544.117544,$SFIMU,16,12,203,56,51,7*41
1426509544.125552,$SFIMU,17,9,206,53,49,9*7D
1426509544.135424,$SFIMU,18,11,201,53,49,8*4D
1426509544.145837,$SFIMU,17,7,206,52,59,9*73
1426509544.155837,$SFIMU,16,8,204,56,51,9*73
1426509544.165255,$SFIMU,15,11,204,53,52,8*4F
1426509544.175807,$SFIMU,18,6,205,55,39,8*7E
1426509544.186220,$SFIMU,19,7,206,59,33,6*75
1426509544.194450,$SFIMU,17,10,206,56,36,8*49
1426509544.204470,$SFIMU,16,10,205,57,41,5*47
1426509544.215763,$SFIMU,14,9,202,60,42,8*70
1426509544.224667,$SFIMU,18,8,210,56,46,6*71
1426509544.233506,$SFIMU,16,7,207,51,58,9*71
1426509544.244443,$SFIMU,15,11,204,57,53,6*44
1426509544.254536,$SFIMU,15,8,205,56,56,8*77
1426509544.263671,$SFIMU,14,9,203,55,58,6*72
1426509544.273669,$SFIMU,16,8,206,60,55,8*71
1426509544.284943,$SFIMU,16,10,207,59,75,9*40
1426509544.293660,$SFIMU,17,8,209,60,111,10*77
1426509544.303678,$SFIMU,15,8,207,61,145,29*71
1426509544.313628,$SFIMU,16,6,205,60,138,126*4B
1426509544.323676,$SFIMU,21,-4,214,55,171,289*6D
1426509544.335067,$SFIMU,15,9,206,52,293,323*40
1426509544.343814,$SFIMU,15,12,207,53,317,280*7F
1426509544.352858,$SFIMU,12,11,206,54,363,229*7D
1426509544.364089,$SFIMU,8,17,206,54,392,214*40
1426509544.372844,$SFIMU,12,9,210,54,404,185*40
1426509544.382776,$SFIMU,8,8,204,55,396,154*7E
1426509544.392963,$SFIMU,8,13,202,54,368,138*48
1426509544.403434,$SFIMU,3,13,206,54,342,105*41
1426509544.413764,$SFIMU,4,15,199,58,329,51*74
1426509544.421731,$SFIMU,1,11,207,58,302,24*7A
1426509544.431771,$SFIMU,5,11,200,59,268,7*44
1426509544.440692,$SFIMU,3,9,202,59,240,7*73
1426509544.450442,$SFIMU,3,11,201,59,208,6*44
1426509544.467025,$SFIMU,1,8,200,57,159,7*77
1426509544.472314,$SFIMU,2,10,205,57,136,8*4E
1426509544.480459,$SFIMU,1,8,208,58,119,5*76
1426509544.490524,$SFIMU,3,11,206,58,131,0*4D
1426509544.500542,$SFIMU,2,12,199,57,97,-31*67
1426509544.509970,$SFIMU,-1,10,207,61,109,-26*7A
1426509544.520562,$SFIMU,2,10,208,59,108,-37*51
1426509544.529659,$SFIMU,2,9,203,60,125,-34*64
1426509544.539539,$SFIMU,-1,7,206,58,138,-15*45
1426509544.549539,$SFIMU,1,9,205,57,158,-5*5D
1426509544.559614,$SFIMU,0,8,208,60,183,-6*51
1426509544.569522,$SFIMU,-1,10,207,61,190,-4*4A
1426509544.579761,$SFIMU,-2,10,208,60,203,7*60
1426509544.590212,$SFIMU,-4,9,208,57,219,6*50
1426509544.600571,$SFIMU,-4,10,208,57,243,5*64
1426509544.608405,$SFIMU,-2,7,206,56,251,5*58
1426509544.618693,$SFIMU,-3,11,205,58,258,8*67
1426509544.628858,$SFIMU,-6,11,206,58,274,5*62
1426509544.638536,$SFIMU,-7,9,209,58,288,8*5B
1426509544.648885,$SFIMU,-6,7,205,58,296,6*59
1426509544.659381,$SFIMU,-9,11,208,57,324,4*69
1426509544.669867,$SFIMU,-11,12,206,60,342,6*5B
1426509544.677732,$SFIMU,-12,11,204,58,378,6*5B
1426509544.688028,$SFIMU,-8,8,204,59,402,5*50
1426509544.698657,$SFIMU,-12,10,204,61,412,7*5A
1426509544.709052,$SFIMU,-13,8,208,61,433,6*6C
1426509544.717084,$SFIMU,-16,11,205,60,428,5*54
1426509544.727730,$SFIMU,-18,7,201,61,402,8*6D
1426509544.738222,$SFIMU,-16,8,202,61,402,4*63
1426509544.748853,$SFIMU,-18,9,207,59,400,5*61
1426509544.756476,$SFIMU,-19,11,204,60,389,3*50
1426509544.766456,$SFIMU,-21,9,202,59,381,6*63
1426509544.776463,$SFIMU,-23,8,203,60,389,6*63
1426509544.786472,$SFIMU,-24,8,204,60,388,6*62
1426509544.796452,$SFIMU,-25,9,202,58,365,5*6F
1426509544.806434,$SFIMU,-25,8,201,55,351,9*6B
1426509544.816624,$SFIMU,-28,10,202,58,339,4*52
1426509544.827008,$SFIMU,-26,9,202,59,335,5*68
1426509544.837363,$SFIMU,-30,8,200,58,327,5*6E
1426509544.844798,$SFIMU,-32,9,203,58,325,5*6C
1426509544.854849,$SFIMU,-33,10,200,60,330,7*5B
1426509544.865658,$SFIMU,-32,11,199,61,315,9*50
1426509544.876124,$SFIMU,-34,10,200,55,286,7*56
1426509544.886581,$SFIMU,-36,11,198,57,271,8*52
1426509544.894536,$SFIMU,-37,9,199,58,265,5*6C
1426509544.904464,$SFIMU,-33,8,206,58,261,7*6A
1426509544.914469,$SFIMU,-39,11,202,57,253,6*53
1426509544.924435,$SFIMU,-39,10,204,54,257,7*52
1426509544.934438,$SFIMU,-40,7,204,57,274,5*6A
1426509544.944503,$SFIMU,-40,9,197,56,274,5*6C
1426509544.953894,$SFIMU,-41,8,198,57,272,6*67
1426509544.963801,$SFIMU,-42,7,197,56,270,8*69
1426509544.973913,$SFIMU,-42,10,200,60,281,7*56
1426509544.982948,$SFIMU,-40,7,202,57,281,6*65
1426509544.993490,$SFIMU,-46,9,200,59,288,4*6A
1426509545.003497,$SFIMU,-43,8,198,57,289,5*62
1426509545.013508,$SFIMU,-45,7,203,61,301,5*6E
1426509545.022842,$SFIMU,-45,9,200,60,299,6*61
1426509545.032856,$SFIMU,-47,8,199,60,310,4*63
1426509545.042865,$SFIMU,-51,7,200,56,299,6*6F
1426509545.051886,$SFIMU,-49,8,201,60,309,6*65
1426509545.062321,$SFIMU,-49,9,195,59,289,5*6A
1426509545.073367,$SFIMU,-49,10,197,58,273,4*55
1426509545.081422,$SFIMU,-50,7,197,59,248,7*61
1426509545.091602,$SFIMU,-53,7,198,58,251,7*64
1426509545.102342,$SFIMU,-57,8,197,60,246,7*6D
1426509545.112729,$SFIMU,-53,9,197,58,250,6*65
1426509545.121521,$SFIMU,-56,9,200,58,258,4*67
1426509545.130795,$SFIMU,-54,8,199,57,268,8*67
1426509545.141256,$SFIMU,-55,8,198,58,266,6*68
1426509545.151796,$SFIMU,-57,7,198,58,269,6*6A
1426509545.162306,$SFIMU,-56,9,193,56,249,9*6D
1426509545.170233,$SFIMU,-59,10,197,59,239,6*59
1426509545.180842,$SFIMU,-59,8,197,58,235,6*6D
1426509545.191268,$SFIMU,-59,11,197,59,236,7*56
1426509545.201833,$SFIMU,-58,10,196,57,243,6*5A
1426509545.209662,$SFIMU,-62,9,198,58,251,6*69
1426509545.219908,$SFIMU,-60,9,197,61,260,5*6F
1426509545.230398,$SFIMU,-61,13,196,59,253,5*5F
1426509545.240365,$SFIMU,-62,10,198,59,242,3*57
1426509545.248982,$SFIMU,-63,8,197,57,239,8*69
1426509545.258958,$SFIMU,-61,7,193,57,205,7*60
1426509545.269004,$SFIMU,-63,9,195,60,201,8*65
1426509545.278583,$SFIMU,-66,8,195,56,196,5*64
1426509545.288917,$SFIMU,-67,7,195,57,199,5*64
1426509545.298611,$SFIMU,-64,10,193,58,199,5*58
1426509545.307588,$SFIMU,-65,7,195,55,207,4*61
1426509545.317608,$SFIMU,-66,8,197,56,214,0*6A
1426509545.327552,$SFIMU,-66,9,197,62,215,-2*42
1426509545.337565,$SFIMU,-66,8,194,61,209,6*67
1426509545.347585,$SFIMU,-69,5,199,58,175,6*6A
1426509545.357522,$SFIMU,-65,8,196,57,176,9*67
1426509545.367649,$SFIMU,-69,8,198,56,184,9*69
1426509545.378276,$SFIMU,-70,8,196,56,197,10*55
1426509545.388906,$SFIMU,-69,7,194,55,215,5*6E
1426509545.396711,$SFIMU,-71,8,198,59,233,9*60
1426509545.407155,$SFIMU,-72,9,194,58,270,5*64
1426509545.417049,$SFIMU,-72,8,196,56,273,5*6A
1426509545.426455,$SFIMU,-70,8,193,59,295,4*6B
1426509545.435540,$SFIMU,-76,8,194,61,298,7*6F
1426509545.445478,$SFIMU,-77,9,195,57,324,4*6E
1426509545.455458,$SFIMU,-75,10,198,60,329,6*52
1426509545.465409,$SFIMU,-75,10,195,58,347,6*5C
1426509545.475406,$SFIMU,-74,11,195,60,370,6*53
1426509545.485389,$SFIMU,-77,9,194,61,385,4*61
1426509545.495463,$SFIMU,-80,8,192,59,401,4*6E
1426509545.504462,$SFIMU,-82,7,194,60,401,7*6C
1426509545.514486,$SFIMU,-82,8,191,57,412,5*62
1426509545.524434,$SFIMU,-82,7,192,57,405,7*6A
1426509545.534518,$SFIMU,-83,10,193,61,406,5*58
1426509545.544943,$SFIMU,-86,9,187,61,387,4*6F
1426509545.554494,$SFIMU,-85,9,190,59,372,7*68
1426509545.564475,$SFIMU,-87,7,189,59,362,6*6C
1426509545.574330,$SFIMU,-87,9,192,58,374,6*6E
1426509545.584287,$SFIMU,-89,7,190,59,375,5*6F
1426509545.594785,$SFIMU,-88,7,190,61,382,6*6E
1426509545.604299,$SFIMU,-92,10,188,58,353,3*59
1426509545.614841,$SFIMU,-95,6,187,57,335,4*6E
1426509545.625249,$SFIMU,-95,8,188,60,320,3*68
1426509545.633284,$SFIMU,-96,7,185,57,302,7*69
1426509545.643607,$SFIMU,-99,5,187,59,296,6*65
1426509545.653848,$SFIMU,-99,10,187,57,299,7*51
1426509545.664032,$SFIMU,-98,8,186,57,311,8*66
1426509545.674548,$SFIMU,-99,9,188,56,317,5*62
1426509545.682298,$SFIMU,-100,8,190,57,326,7*5A
1426509545.692735,$SFIMU,-102,8,187,57,328,7*50
1426509545.703225,$SFIMU,-100,8,183,56,333,7*5D
1426509545.711793,$SFIMU,-104,6,182,58,333,3*5C
1426509545.721716,$SFIMU,-104,7,179,56,293,4*5B
1426509545.732117,$SFIMU,-104,8,179,58,265,5*52
1426509545.742584,$SFIMU,-104,9,185,57,244,4*5D
1426509545.752931,$SFIMU,-103,7,184,56,231,4*56
1426509545.763471,$SFIMU,-107,8,184,59,216,7*54
1426509545.771469,$SFIMU,-107,8,184,58,227,7*57
1426509545.781759,$SFIMU,-107,9,186,58,242,6*56
1426509545.792097,$SFIMU,-107,7,184,58,237,7*59
1426509545.802721,$SFIMU,-107,8,186,55,243,7*5A
1426509545.810605,$SFIMU,-112,11,183,57,242,5*62
1426509545.821056,$SFIMU,-112,6,185,57,242,5*52
1426509545.831586,$SFIMU,-112,8,180,54,230,6*5C
1426509545.841547,$SFIMU,-112,9,184,58,238,7*5C
1426509545.851763,$SFIMU,-112,9,181,59,250,7*56
1426509545.859410,$SFIMU,-112,5,181,59,254,5*5C
1426509545.870786,$SFIMU,-114,9,182,58,258,8*55
1426509545.881184,$SFIMU,-116,8,182,60,260,6*58
1426509545.889141,$SFIMU,-113,6,179,57,264,6*57
1426509545.899572,$SFIMU,-115,8,183,56,269,6*56
1426509545.909577,$SFIMU,-116,7,178,59,289,3*5A
1426509545.919522,$SFIMU,-118,8,181,55,295,7*58
1426509545.928965,$SFIMU,-117,9,180,56,293,6*53
1426509545.938962,$SFIMU,-118,8,181,61,299,7*53
1426509545.948962,$SFIMU,-118,9,179,57,283,6*5A
1426509545.958909,$SFIMU,-119,10,175,58,292,5*63
1426509545.967846,$SFIMU,-122,8,177,58,282,6*52
1426509545.977938,$SFIMU,-121,8,178,59,281,6*5C
1426509545.988427,$SFIMU,-123,7,179,58,280,6*50
1426509545.998687,$SFIMU,-122,9,181,57,288,6*5F
1426509546.009076,$SFIMU,-120,9,175,60,284,8*50
1426509546.019527,$SFIMU,-126,12,172,59,277,4*61
1426509546.027524,$SFIMU,-127,7,174,60,243,6*5D
1426509546.037883,$SFIMU,-126,8,177,58,265,10*68
1426509546.048072,$SFIMU,-126,7,176,57,259,7*50
1426509546.058608,$SFIMU,-127,7,172,57,247,6*5B
1426509546.066644,$SFIMU,-125,8,175,59,239,3*53
1426509546.077138,$SFIMU,-128,9,175,54,228,6*57
1426509546.087677,$SFIMU,-128,8,174,60,225,7*5C
1426509546.096767,$SFIMU,-129,8,171,58,214,9*5F
1426509546.106246,$SFIMU,-131,8,174,56,205,8*5C
1426509546.116202,$SFIMU,-130,6,176,56,196,7*57
1426509546.126451,$SFIMU,-129,9,174,60,208,7*53
1426509546.136420,$SFIMU,-130,9,173,59,222,5*5C
1426509546.145877,$SFIMU,-132,8,172,59,207,7*5B
1426509546.155866,$SFIMU,-131,10,172,54,207,7*6C
1426509546.164604,$SFIMU,-133,7,174,55,231,4*59
1426509546.174951,$SFIMU,-132,8,171,58,241,6*5A
1426509546.184542,$SFIMU,-134,8,173,58,253,7*5C
1426509546.194588,$SFIMU,-132,8,173,58,277,7*5C
1426509546.204578,$SFIMU,-135,7,167,58,268,5*5D
1426509546.214886,$SFIMU,-135,10,167,58,252,7*60
1426509546.224863,$SFIMU,-135,7,171,55,248,5*55
1426509546.234336,$SFIMU,-135,8,167,57,249,7*5C
1426509546.245022,$SFIMU,-138,6,170,57,250,7*51
1426509546.255592,$SFIMU,-137,8,166,59,225,8*54
1426509546.263595,$SFIMU,-136,7,169,56,233,6*53
1426509546.274088,$SFIMU,-141,7,167,58,219,8*55
1426509546.284619,$SFIMU,-141,7,174,58,227,7*55
1426509546.293044,$SFIMU,-139,7,168,59,256,5*52
1426509546.302994,$SFIMU,-139,9,167,59,249,4*5C
1426509546.312955,$SFIMU,-142,9,166,57,237,7*55
1426509546.322974,$SFIMU,-140,8,165,58,226,4*59
1426509546.332975,$SFIMU,-144,7,163,64,230,7*5F
1426509546.342952,$SFIMU,-146,6,167,58,231,6*57
1426509546.352922,$SFIMU,-141,7,166,58,215,5*55
1426509546.361919,$SFIMU,-146,9,165,57,204,6*53
1426509546.371760,$SFIMU,-142,6,162,58,207,8*5D
1426509546.381747,$SFIMU,-145,9,163,56,214,7*57
1426509546.392829,$SFIMU,-145,7,167,56,232,6*58
1426509546.403549,$SFIMU,-145,8,164,58,254,3*5F
1426509546.411444,$SFIMU,-146,7,164,58,266,5*54
1426509546.421546,$SFIMU,-148,8,164,58,278,5*5A
1426509546.432023,$SFIMU,-148,7,163,59,285,5*51
1426509546.442569,$SFIMU,-149,7,163,59,285,6*53
1426509546.450933,$SFIMU,-150,8,161,61,268,5*5D
1426509546.460917,$SFIMU,-148,8,160,57,264,4*5D
1426509546.470777,$SFIMU,-153,7,160,60,248,7*51
1426509546.481015,$SFIMU,-153,5,161,58,233,6*54
1426509546.490563,$SFIMU,-151,7,161,56,262,6*5E
1426509546.499585,$SFIMU,-151,7,161,60,264,6*5D
1426509546.509551,$SFIMU,-150,8,162,58,288,8*57
1426509546.519545,$SFIMU,-156,8,159,58,307,7*50
1426509546.529512,$SFIMU,-153,8,158,59,306,8*5B
1426509546.539846,$SFIMU,-159,7,158,59,309,5*5C
1426509546.549501,$SFIMU,-158,8,159,57,302,5*56
1426509546.559539,$SFIMU,-158,10,155,62,299,7*64
1426509546.568636,$SFIMU,-157,9,155,55,288,9*59
1426509546.578551,$SFIMU,-158,8,154,57,271,3*58
1426509546.588514,$SFIMU,-160,8,154,57,257,6*52
1426509546.598870,$SFIMU,-159,6,155,56,241,6*51
1426509546.608485,$SFIMU,-161,7,155,58,223,7*50
1426509546.618495,$SFIMU,-159,6,153,59,215,6*59
1426509546.627510,$SFIMU,-162,8,155,57,214,9*59
1426509546.637474,$SFIMU,-163,9,154,57,215,7*57
1426509546.647412,$SFIMU,-162,7,155,56,218,7*55
1426509546.657351,$SFIMU,-161,7,155,59,215,7*54
1426509546.667411,$SFIMU,-164,6,151,55,208,7*54
1426509546.677480,$SFIMU,-165,5,152,55,209,8*5B
1426509546.686495,$SFIMU,-169,7,150,58,207,7*5B
1426509546.696552,$SFIMU,-167,7,148,56,194,4*58
1426509546.706961,$SFIMU,-163,7,151,55,199,5*5B
1426509546.716475,$SFIMU,-164,6,152,57,189,4*5C
1426509546.726823,$SFIMU,-167,8,149,59,190,7*5E
1426509546.736494,$SFIMU,-169,6,151,58,193,8*5A
1426509546.746444,$SFIMU,-168,9,147,57,189,5*5A
1426509546.755479,$SFIMU,-168,8,147,60,202,8*52
1426509546.765804,$SFIMU,-166,7,150,60,210,7*59
1426509546.775428,$SFIMU,-167,11,146,56,214,5*6B
1426509546.785416,$SFIMU,-167,8,150,58,214,6*59
1426509546.795773,$SFIMU,-166,6,149,57,207,4*51
1426509546.805405,$SFIMU,-171,5,150,59,219,7*5E
1426509546.815432,$SFIMU,-171,6,152,57,217,4*5C
1426509546.824858,$SFIMU,-171,8,149,56,222,7*5C
1426509546.834465,$SFIMU,-169,6,149,59,220,5*54
1426509546.844488,$SFIMU,-172,7,148,56,215,5*57
1426509546.854462,$SFIMU,-172,7,146,59,207,5*55
1426509546.864451,$SFIMU,-170,6,145,55,210,7*5D
1426509546.874773,$SFIMU,-173,5,146,59,215,5*55
1426509546.883759,$SFIMU,-172,7,147,57,225,7*58
1426509546.894700,$SFIMU,-174,7,148,56,231,10*63
1426509546.905298,$SFIMU,-171,8,145,56,237,3*50
1426509546.913307,$SFIMU,-174,8,147,55,241,6*50
1426509546.923975,$SFIMU,-174,8,146,55,247,5*54
1426509546.934409,$SFIMU,-177,6,143,58,251,4*57
1426509546.944861,$SFIMU,-176,8,141,56,226,5*55
1426509546.952782,$SFIMU,-178,6,144,54,217,8*5D
1426509546.963139,$SFIMU,-178,7,143,53,212,5*54
1426509546.973613,$SFIMU,-179,8,140,53,198,6*5B
1426509546.983856,$SFIMU,-177,6,142,56,205,6*5B
1426509546.994084,$SFIMU,-176,8,143,58,222,3*5B
1426509547.001957,$SFIMU,-176,8,141,60,232,4*54
1426509547.012578,$SFIMU,-181,5,142,59,228,6*51
1426509547.022886,$SFIMU,-179,5,143,61,240,5*51
1426509547.031796,$SFIMU,-180,7,138,61,233,5*5D
1426509547.041813,$SFIMU,-182,4,139,56,216,6*5D
1426509547.051773,$SFIMU,-180,9,138,61,200,8*5E
1426509547.061721,$SFIMU,-182,9,134,59,183,7*5C
1426509547.070525,$SFIMU,-183,7,138,59,166,6*55
1426509547.080517,$SFIMU,-183,6,143,56,174,7*55
1426509547.090503,$SFIMU,-182,7,137,55,150,8*5C
1426509547.100514,$SFIMU,-184,10,139,58,169,5*68
1426509547.110468,$SFIMU,-186,8,139,57,156,7*52
1426509547.120579,$SFIMU,-185,6,138,58,143,6*54
1426509547.130885,$SFIMU,-184,6,137,58,136,4*5A
1426509547.139778,$SFIMU,-184,7,136,58,130,5*5D
1426509547.149882,$SFIMU,-187,6,138,58,136,6*54
1426509547.159533,$SFIMU,-183,6,133,56,117,8*58
1426509547.170567,$SFIMU,-184,8,136,58,125,5*56
1426509547.180943,$SFIMU,-184,7,137,56,127,7*56
1426509547.191571,$SFIMU,-185,8,136,57,119,4*56
1426509547.199260,$SFIMU,-185,6,137,57,132,5*51
1426509547.209764,$SFIMU,-186,6,135,58,148,5*52
1426509547.220254,$SFIMU,-184,5,134,55,153,6*56
1426509547.230832,$SFIMU,-187,6,136,60,165,8*59
1426509547.238492,$SFIMU,-186,7,136,58,178,6*50
1426509547.248491,$SFIMU,-187,7,136,56,180,7*59
1426509547.259511,$SFIMU,-187,6,138,62,192,3*56
1426509547.267940,$SFIMU,-187,7,131,60,197,5*5F
1426509547.277987,$SFIMU,-188,9,133,57,196,7*5B
1426509547.287942,$SFIMU,-189,8,136,59,198,6*5F
1426509547.298117,$SFIMU,-190,7,132,57,183,7*59
1426509547.308577,$SFIMU,-190,8,133,54,190,6*57
1426509547.319065,$SFIMU,-190,7,134,58,186,7*55
1426509547.327146,$SFIMU,-189,6,130,60,169,4*51
1426509547.337648,$SFIMU,-190,9,133,58,170,7*55
1426509547.346813,$SFIMU,-191,6,132,58,166,7*5D
1426509547.356837,$SFIMU,-190,7,134,59,183,5*53
1426509547.366790,$SFIMU,-193,9,131,59,188,5*50
1426509547.376773,$SFIMU,-191,6,131,59,208,5*56
1426509547.388105,$SFIMU,-192,5,133,61,206,6*52
1426509547.395883,$SFIMU,-191,7,128,58,213,6*57
1426509547.406430,$SFIMU,-192,7,131,58,227,5*58
1426509547.416897,$SFIMU,-193,7,129,58,239,5*5F
1426509547.427546,$SFIMU,-193,5,129,60,242,4*5B
1426509547.435447,$SFIMU,-194,8,126,60,256,6*59
1426509547.445921,$SFIMU,-194,7,133,58,234,3*58
1426509547.455467,$SFIMU,-196,7,125,60,237,2*54
1426509547.464938,$SFIMU,-195,7,125,60,235,5*52
1426509547.475664,$SFIMU,-194,7,126,62,227,5*51
1426509547.484814,$SFIMU,-195,6,128,60,220,2*5D
1426509547.494794,$SFIMU,-199,8,127,59,207,6*5B
1426509547.504920,$SFIMU,-196,7,124,57,199,4*50
1426509547.514916,$SFIMU,-196,8,128,55,199,5*50
1426509547.523953,$SFIMU,-197,7,125,59,188,6*5C
1426509547.533917,$SFIMU,-199,7,127,58,175,5*50
1426509547.543504,$SFIMU,-200,8,126,59,180,4*57
1426509547.553578,$SFIMU,-199,7,123,60,171,4*5A
1426509547.563542,$SFIMU,-200,6,126,58,177,4*50
1426509547.573565,$SFIMU,-198,7,122,60,154,5*5C
1426509547.582549,$SFIMU,-201,6,126,59,158,3*5A
1426509547.592560,$SFIMU,-199,6,122,59,146,5*55
1426509547.602519,$SFIMU,-200,4,122,58,139,5*5D
1426509547.612555,$SFIMU,-202,6,123,58,141,5*53
1426509547.622589,$SFIMU,-199,7,121,59,132,2*53
1426509547.632049,$SFIMU,-200,7,123,62,127,0*5C
1426509547.641978,$SFIMU,-197,7,123,67,130,-2*7D
1426509547.652727,$SFIMU,-199,8,124,72,134,-7*7E
1426509547.663258,$SFIMU,-201,8,124,66,132,1*54
1426509547.673653,$SFIMU,-199,5,124,63,147,4*59
1426509547.681433,$SFIMU,-200,7,120,60,146,5*5F
1426509547.691464,$SFIMU,-204,5,123,59,148,3*58
1426509547.700939,$SFIMU,-202,8,121,58,143,6*5E
1426509547.710894,$SFIMU,-202,7,120,59,119,6*5E
1426509547.720931,$SFIMU,-201,8,123,56,114,6*53
1426509547.730902,$SFIMU,-204,6,120,56,109,4*55
1426509547.740953,$SFIMU,-203,7,119,56,110,6*53
1426509547.750935,$SFIMU,-202,7,121,56,125,7*5E
1426509547.760885,$SFIMU,-202,6,119,57,138,4*5A
1426509547.769732,$SFIMU,-202,6,121,58,165,4*56
1426509547.781258,$SFIMU,-202,5,120,60,178,5*52
1426509547.789924,$SFIMU,-203,7,120,59,192,5*5F
1426509547.799780,$SFIMU,-206,6,118,58,187,5*55
1426509547.809598,$SFIMU,-204,8,118,59,176,4*57
1426509547.819542,$SFIMU,-205,7,116,59,175,4*54
1426509547.828567,$SFIMU,-204,8,118,58,168,4*59
1426509547.838866,$SFIMU,-206,8,113,55,165,7*53
1426509547.848872,$SFIMU,-207,6,119,59,190,4*53
1426509547.858851,$SFIMU,-205,5,120,59,193,3*5C
1426509547.869154,$SFIMU,-206,8,119,60,201,5*5C
1426509547.879613,$SFIMU,-206,9,116,60,198,3*57
1426509547.888386,$SFIMU,-209,8,114,56,182,3*55
1426509547.898801,$SFIMU,-210,10,115,60,173,3*6E
1426509547.907778,$SFIMU,-207,7,115,66,158,0*52
1426509547.917726,$SFIMU,-209,8,116,66,144,-18*49
1426509547.927411,$SFIMU,-208,8,112,84,141,-17*4A
1426509547.937770,$SFIMU,-208,7,116,83,129,-14*4B
1426509547.947375,$SFIMU,-207,7,116,82,129,-16*47
1426509547.957274,$SFIMU,-208,6,112,82,129,-19*42
1426509547.967423,$SFIMU,-209,8,115,89,136,-19*4F
1426509547.977246,$SFIMU,-212,7,113,73,121,-11*47
1426509547.986987,$SFIMU,-209,6,113,66,108,-1*72
1426509547.997419,$SFIMU,-208,5,113,61,97,3*6F
1426509548.006476,$SFIMU,-212,6,111,60,97,4*63
1426509548.015723,$SFIMU,-212,7,111,58,100,4*56
1426509548.026147,$SFIMU,-211,6,115,60,102,5*58
1426509548.036627,$SFIMU,-212,9,113,59,104,6*5D
1426509548.047025,$SFIMU,-210,7,117,59,98,7*60
1426509548.055014,$SFIMU,-210,6,113,56,109,6*52
1426509548.065629,$SFIMU,-210,6,109,58,120,3*59
1426509548.076187,$SFIMU,-211,7,113,59,109,6*5D
1426509548.086702,$SFIMU,-212,8,110,57,117,4*51
1426509548.094632,$SFIMU,-211,6,114,57,116,8*55
1426509548.105099,$SFIMU,-211,5,113,59,142,7*51
1426509548.115673,$SFIMU,-210,5,113,60,155,6*5D
1426509548.126060,$SFIMU,-210,7,113,66,180,4*53
1426509548.134844,$SFIMU,-213,9,110,74,186,-6*77
1426509548.144333,$SFIMU,-215,6,112,85,198,-14*4E
1426509548.154823,$SFIMU,-214,7,106,86,186,-17*44
1426509548.165342,$SFIMU,-215,5,104,73,174,-5*71
1426509548.173224,$SFIMU,-210,6,105,62,153,4*5F
1426509548.183650,$SFIMU,-217,9,104,59,120,5*5B
1426509548.194077,$SFIMU,-216,8,108,57,103,8*55
1426509548.204541,$SFIMU,-216,6,108,59,78,5*65
1426509548.212392,$SFIMU,-213,6,110,58,79,4*68
1426509548.222864,$SFIMU,-215,6,110,58,61,4*67
1426509548.232188,$SFIMU,-214,6,107,61,59,5*60
1426509548.242506,$SFIMU,-212,7,108,56,52,7*65
1426509548.252990,$SFIMU,-214,7,106,57,35,7*6D
1426509548.263515,$SFIMU,-211,7,105,57,4,6*58
1426509548.271910,$SFIMU,-216,9,105,54,-20,8*47
1426509548.281941,$SFIMU,-214,8,107,52,-40,8*46
1426509548.291918,$SFIMU,-214,8,106,53,-52,8*45
1426509548.302706,$SFIMU,-213,8,110,53,-72,6*49
1426509548.311718,$SFIMU,-215,8,110,52,-74,7*49
1426509548.320933,$SFIMU,-213,8,110,52,-72,6*48
1426509548.330963,$SFIMU,-212,6,110,56,-70,7*40
1426509548.340802,$SFIMU,-213,7,117,56,-63,7*45
1426509548.350486,$SFIMU,-212,6,110,57,-46,9*4A
1426509548.360477,$SFIMU,-213,5,112,54,-33,7*45
1426509548.370443,$SFIMU,-212,9,113,57,-18,5*41
1426509548.380448,$SFIMU,-212,6,116,56,1,6*5C
1426509548.390460,$SFIMU,-211,5,114,56,17,4*6B
1426509548.400466,$SFIMU,-211,6,117,59,32,8*6F
1426509548.410507,$SFIMU,-212,8,110,57,53,7*63
1426509548.420562,$SFIMU,-212,5,114,60,70,6*6E
1426509548.430685,$SFIMU,-213,8,111,56,93,7*6E
1426509548.438719,$SFIMU,-214,7,112,60,96,6*64
1426509548.449259,$SFIMU,-213,6,114,58,105,6*54
1426509548.459697,$SFIMU,-213,7,113,59,100,9*59
1426509548.470250,$SFIMU,-212,4,114,58,103,5*52
1426509548.478235,$SFIMU,-214,6,114,59,115,6*53
1426509548.488461,$SFIMU,-214,7,112,58,114,5*57
1426509548.498474,$SFIMU,-215,8,112,57,132,6*51
1426509548.508703,$SFIMU,-213,9,111,57,138,3*5A
1426509548.519124,$SFIMU,-214,7,111,60,143,7*5F
1426509548.527968,$SFIMU,-212,8,107,60,131,7*54
1426509548.537947,$SFIMU,-211,9,110,59,112,6*5A
1426509548.547977,$SFIMU,-216,7,109,56,100,8*59
1426509548.556778,$SFIMU,-214,8,107,54,69,6*68
1426509548.566840,$SFIMU,-214,8,108,57,52,5*6F
1426509548.576916,$SFIMU,-214,6,107,56,48,7*66
1426509548.586578,$SFIMU,-214,7,108,58,34,9*63
1426509548.596547,$SFIMU,-213,6,111,54,38,5*61
1426509548.606050,$SFIMU,-213,6,111,57,39,3*65
1426509548.615544,$SFIMU,-214,8,103,58,32,8*60
1426509548.625598,$SFIMU,-212,7,110,56,-10,6*46
1426509548.634980,$SFIMU,-213,8,107,55,7,6*56
1426509548.645503,$SFIMU,-212,6,109,59,13,6*6E
1426509548.655940,$SFIMU,-211,7,109,57,21,9*6C
1426509548.664551,$SFIMU,-213,5,110,55,37,7*6F
1426509548.674551,$SFIMU,-213,5,110,57,30,7*6A
1426509548.684599,$SFIMU,-214,6,114,57,20,6*6A
1426509548.694530,$SFIMU,-215,8,110,56,23,7*62
1426509548.704546,$SFIMU,-212,7,111,57,39,6*60
1426509548.714511,$SFIMU,-213,7,110,57,54,9*64
1426509548.724469,$SFIMU,-213,7,111,57,74,9*67
1426509548.733501,$SFIMU,-215,7,110,57,80,5*67
1426509548.743861,$SFIMU,-214,7,111,57,78,5*60
1426509548.753475,$SFIMU,-215,5,110,59,68,6*6E
1426509548.763470,$SFIMU,-215,7,109,55,65,7*64
1426509548.773434,$SFIMU,-213,8,109,59,51,5*64
1426509548.783467,$SFIMU,-212,7,110,58,42,5*61
1426509548.792896,$SFIMU,-213,5,108,55,25,6*64
1426509548.802497,$SFIMU,-214,6,105,56,21,9*65
1426509548.812505,$SFIMU,-214,7,109,56,7,10*64
1426509548.822449,$SFIMU,-214,10,109,56,-6,7*48
1426509548.832443,$SFIMU,-213,6,108,54,-26,7*49
1426509548.841740,$SFIMU,-215,8,110,57,-45,8*41
1426509548.852399,$SFIMU,-215,8,107,56,-68,9*48
1426509548.862761,$SFIMU,-215,6,109,57,-100,11*4F
1426509548.872373,$SFIMU,-215,6,109,55,-115,6*7F
1426509548.881410,$SFIMU,-208,8,109,54,-129,7*72
1426509548.891363,$SFIMU,-212,8,113,54,-136,8*73
1426509548.901375,$SFIMU,-214,8,114,55,-146,8*74
1426509548.911361,$SFIMU,-211,7,112,55,-148,8*76
1426509548.921772,$SFIMU,-211,8,111,57,-160,8*72
1426509548.931352,$SFIMU,-211,6,109,54,-176,8*71
1426509548.940346,$SFIMU,-211,6,114,55,-182,7*78
1426509548.950881,$SFIMU,-208,7,111,56,-202,10*4A
1426509548.960375,$SFIMU,-209,8,115,54,-208,10*48
1426509548.970356,$SFIMU,-209,6,117,56,-211,8*77
1426509548.980373,$SFIMU,-209,8,114,54,-219,7*7F
1426509548.990357,$SFIMU,-207,5,119,57,-219,9*7C
1426509549.000401,$SFIMU,-208,8,116,53,-227,8*79
1426509549.009333,$SFIMU,-207,7,118,57,-229,6*73
1426509549.019299,$SFIMU,-204,6,120,57,-246,8*7D
1426509549.029322,$SFIMU,-203,8,116,54,-269,9*7E
1426509549.039362,$SFIMU,-205,8,120,56,-279,10*46
1426509549.048757,$SFIMU,-202,7,121,56,-299,10*41
1426509549.059327,$SFIMU,-201,7,121,57,-304,10*46
1426509549.069374,$SFIMU,-199,8,124,53,-309,10*47
1426509549.078361,$SFIMU,-199,6,125,54,-315,10*42
1426509549.088321,$SFIMU,-197,8,123,56,-321,11*40
1426509549.098343,$SFIMU,-197,7,125,55,-326,8*75
1426509549.108322,$SFIMU,-198,7,125,55,-341,8*7B
1426509549.118749,$SFIMU,-197,7,125,57,-349,9*7F
1426509549.127298,$SFIMU,-195,7,128,54,-346,7*72
1426509549.137152,$SFIMU,-196,7,127,54,-350,9*77
1426509549.147158,$SFIMU,-193,8,131,59,-351,9*76
1426509549.157248,$SFIMU,-191,6,127,53,-351,10*4F
1426509549.167295,$SFIMU,-190,10,128,58,-351,8*44
1426509549.176710,$SFIMU,-191,8,134,57,-348,9*77
1426509549.187296,$SFIMU,-189,7,134,54,-346,13*47
1426509549.197330,$SFIMU,-189,8,135,57,-336,12*4C
1426509549.206635,$SFIMU,-188,8,134,58,-314,10*41
1426509549.216285,$SFIMU,-186,9,137,58,-306,9*76
1426509549.226234,$SFIMU,-187,7,138,56,-289,8*7F
1426509549.236605,$SFIMU,-185,8,138,56,-261,8*74
1426509549.246335,$SFIMU,-186,8,134,58,-244,10*4B
1426509549.255298,$SFIMU,-185,7,135,54,-230,9*71
1426509549.265212,$SFIMU,-185,7,137,55,-216,8*77
1426509549.275262,$SFIMU,-183,8,135,56,-214,9*7C
1426509549.285509,$SFIMU,-184,10,137,53,-214,6*4A
1426509549.296010,$SFIMU,-183,9,136,55,-204,7*72
1426509549.306030,$SFIMU,-181,8,141,58,-191,7*73
1426509549.314258,$SFIMU,-181,8,141,55,-186,9*76
1426509549.324489,$SFIMU,-181,7,145,56,-174,7*7D
1426509549.334600,$SFIMU,-181,9,138,56,-172,6*7E
1426509549.344353,$SFIMU,-180,5,139,57,-169,10*4E
1426509549.354596,$SFIMU,-182,8,139,56,-162,6*7C
1426509549.365112,$SFIMU,-177,8,140,55,-158,7*73
1426509549.373611,$SFIMU,-178,7,147,54,-158,9*7B
1426509549.383622,$SFIMU,-178,8,141,58,-160,5*79
1426509549.393616,$SFIMU,-176,8,141,53,-167,7*79
1426509549.404191,$SFIMU,-175,6,144,55,-181,10*49
1426509549.414038,$SFIMU,-176,8,142,54,-177,6*7D
1426509549.424088,$SFIMU,-177,7,145,56,-170,8*7F
1426509549.432616,$SFIMU,-173,6,146,55,-172,8*78
1426509549.442575,$SFIMU,-175,7,145,58,-164,7*79
1426509549.452463,$SFIMU,-175,6,146,54,-164,9*79
1426509549.463243,$SFIMU,-172,7,145,55,-165,10*44
1426509549.472582,$SFIMU,-171,6,144,57,-178,6*7E
1426509549.482286,$SFIMU,-172,6,148,57,-190,7*76
1426509549.491631,$SFIMU,-170,6,148,60,-197,8*78
1426509549.501245,$SFIMU,-171,4,149,56,-216,3*7E
1426509549.511262,$SFIMU,-167,8,147,59,-227,5*70
1426509549.521225,$SFIMU,-168,6,151,61,-231,-3*51
1426509549.531277,$SFIMU,-172,7,147,68,-234,-10*62
1426509549.541201,$SFIMU,-169,8,148,76,-254,-15*64
1426509549.550616,$SFIMU,-166,8,146,62,-258,-1*59
1426509549.560141,$SFIMU,-163,8,149,59,-276,2*79
1426509549.570069,$SFIMU,-166,7,150,56,-289,8*7E
1426509549.580520,$SFIMU,-164,6,151,56,-313,9*7F
1426509549.589968,$SFIMU,-164,8,152,54,-321,9*71
1426509549.600159,$SFIMU,-161,9,150,53,-329,8*79
1426509549.610517,$SFIMU,-159,7,152,54,-352,11*4D
1426509549.620107,$SFIMU,-159,6,154,53,-366,11*4A
1426509549.629118,$SFIMU,-158,8,155,54,-380,11*4B
1426509549.639109,$SFIMU,-155,7,158,54,-375,9*77
1426509549.649151,$SFIMU,-157,7,162,50,-372,10*47
1426509549.659075,$SFIMU,-155,7,159,55,-339,10*47
1426509549.669136,$SFIMU,-153,9,161,53,-332,8*70
1426509549.678085,$SFIMU,-151,9,162,53,-313,5*7F
1426509549.688086,$SFIMU,-152,8,161,56,-302,7*79
1426509549.698052,$SFIMU,-150,6,162,56,-291,7*7D
1426509549.708466,$SFIMU,-150,8,157,60,-304,5*7F
1426509549.717991,$SFIMU,-150,7,162,56,-345,9*7A
1426509549.727906,$SFIMU,-151,8,161,53,-364,6*7E
1426509549.737972,$SFIMU,-148,8,162,55,-379,12*4A
1426509549.748008,$SFIMU,-142,6,163,55,-414,11*40
1426509549.757027,$SFIMU,-142,8,165,52,-419,9*7B
1426509549.767335,$SFIMU,-144,7,165,54,-418,11*4C
1426509549.777008,$SFIMU,-142,8,163,55,-432,9*73
1426509549.787021,$SFIMU,-138,10,164,55,-424,11*7E
1426509549.797063,$SFIMU,-138,9,173,53,-415,11*44
1426509549.807025,$SFIMU,-138,6,169,54,-415,11*47
1426509549.816962,$SFIMU,-136,8,169,55,-405,10*46
1426509549.826010,$SFIMU,-134,7,170,52,-380,6*79
1426509549.836066,$SFIMU,-133,8,171,55,-373,11*4D
1426509549.846077,$SFIMU,-132,10,170,55,-363,10*74
1426509549.856221,$SFIMU,-129,7,177,55,-325,11*4C
1426509549.866196,$SFIMU,-130,8,175,58,-293,9*71
1426509549.875321,$SFIMU,-127,7,175,54,-269,9*71
1426509549.885303,$SFIMU,-127,7,172,55,-251,8*7D
1426509549.895275,$SFIMU,-127,7,176,54,-237,9*79
1426509549.905350,$SFIMU,-125,7,175,56,-237,4*77
1426509549.915158,$SFIMU,-125,6,175,56,-232,7*70
1426509549.924859,$SFIMU,-124,9,176,55,-223,7*7E
1426509549.935221,$SFIMU,-123,8,173,56,-225,9*76
1426509549.944159,$SFIMU,-123,7,175,58,-208,8*7F
1426509549.953800,$SFIMU,-121,8,178,56,-204,10*44
1426509549.963801,$SFIMU,-121,8,175,55,-192,9*7E
1426509549.973778,$SFIMU,-121,9,177,58,-181,9*72
1426509549.984759,$SFIMU,-121,9,176,58,-182,8*71
1426509549.994498,$SFIMU,-122,7,181,54,-181,8*7B
1426509550.003254,$SFIMU,-120,8,177,58,-179,7*7B
1426509550.014222,$SFIMU,-118,7,174,57,-207,10*4F
1426509550.023254,$SFIMU,-116,9,177,53,-234,7*7E
1426509550.033163,$SFIMU,-115,7,183,55,-244,8*76
1426509550.043188,$SFIMU,-117,8,178,54,-264,8*7C
1426509550.052843,$SFIMU,-115,6,181,54,-281,8*7D
1426509550.062239,$SFIMU,-117,8,180,54,-288,9*78
1426509550.071847,$SFIMU,-113,5,180,53,-293,7*72
1426509550.081835,$SFIMU,-113,7,182,55,-293,8*7B
1426509550.091807,$SFIMU,-109,8,182,52,-287,7*72
1426509550.101853,$SFIMU,-107,7,182,56,-297,7*76
1426509550.111850,$SFIMU,-108,7,183,55,-284,7*79
1426509550.122275,$SFIMU,-108,5,183,54,-289,8*78
1426509550.130836,$SFIMU,-106,6,185,54,-279,4*70
1426509550.140890,$SFIMU,-106,8,182,56,-286,3*7C
1426509550.150805,$SFIMU,-104,7,188,56,-291,4*7A
1426509550.160855,$SFIMU,-102,8,183,56,-281,8*75
1426509550.170837,$SFIMU,-104,7,186,54,-291,10*43
1426509550.181034,$SFIMU,-102,9,183,55,-293,10*4D
1426509550.191763,$SFIMU,-102,8,184,56,-309,7*7C
1426509550.199737,$SFIMU,-99,7,183,54,-310,10*7B
1426509550.209620,$SFIMU,-97,9,186,56,-313,4*4A
1426509550.219655,$SFIMU,-88,12,191,67,-324,-25*60
1426509550.230925,$SFIMU,-88,13,189,105,-348,-105*64
1426509550.240915,$SFIMU,-84,10,190,105,-393,-116*67
1426509550.249660,$SFIMU,-100,7,188,124,-409,-162*61
1426509550.260619,$SFIMU,-90,8,189,103,-443,-112*5B
1426509550.268991,$SFIMU,-96,7,188,95,-436,-97*53
1426509550.278674,$SFIMU,-91,7,187,88,-445,-78*52
1426509550.289890,$SFIMU,-82,10,191,96,-453,-104*53
1426509550.298625,$SFIMU,-83,8,190,107,-470,-129*5D
1426509550.308652,$SFIMU,-89,5,188,85,-466,-75*57
1426509550.318595,$SFIMU,-86,7,190,63,-461,-21*5D
1426509550.328690,$SFIMU,-80,10,191,57,-471,-2*5B
1426509550.337989,$SFIMU,-77,8,192,56,-473,5*40
1426509550.347649,$SFIMU,-76,9,193,53,-488,10*74
1426509550.357599,$SFIMU,-75,8,194,52,-509,11*79
1426509550.366669,$SFIMU,-70,8,194,52,-512,9*4F
1426509550.376651,$SFIMU,-71,8,193,53,-495,9*46
1426509550.386643,$SFIMU,-65,8,197,55,-474,12*74
1426509550.396600,$SFIMU,-68,10,198,52,-448,12*47
1426509550.406601,$SFIMU,-64,10,199,51,-428,12*4F
1426509550.416602,$SFIMU,-63,7,198,52,-402,13*75
1426509550.426610,$SFIMU,-62,8,198,53,-369,10*73
1426509550.435591,$SFIMU,-59,9,198,54,-321,8*48
1426509550.445543,$SFIMU,-62,10,199,57,-281,9*70
1426509550.455517,$SFIMU,-58,8,202,54,-249,8*47
1426509550.465544,$SFIMU,-58,6,197,58,-217,9*40
1426509550.475454,$SFIMU,-57,8,198,58,-209,8*40
1426509550.485496,$SFIMU,-57,7,201,56,-197,8*46
1426509550.495586,$SFIMU,-59,10,198,57,-183,9*78
1426509550.504589,$SFIMU,-55,7,200,54,-185,8*44
1426509550.514471,$SFIMU,-58,11,197,55,-187,7*7F
1426509550.524457,$SFIMU,-55,7,197,55,-190,8*4C
1426509550.534445,$SFIMU,-55,8,202,56,-188,6*48
1426509550.544491,$SFIMU,-51,9,200,59,-182,9*45
1426509550.554488,$SFIMU,-49,7,198,58,-177,10*73
1426509550.563510,$SFIMU,-51,7,201,60,-184,9*46
1426509550.573495,$SFIMU,-50,7,201,57,-172,9*4A
1426509550.583508,$SFIMU,-50,9,200,58,-177,8*4E
1426509550.593444,$SFIMU,-50,7,199,54,-194,7*4D
1426509550.603464,$SFIMU,-47,8,197,56,-209,7*4F
1426509550.612446,$SFIMU,-48,8,198,55,-239,9*41
1426509550.622425,$SFIMU,-46,10,196,55,-286,9*7C
1426509550.632492,$SFIMU,-47,9,197,52,-315,10*70
1426509550.642444,$SFIMU,-46,9,195,54,-343,9*4E
1426509550.652456,$SFIMU,-42,9,200,54,-357,11*79
1426509550.662435,$SFIMU,-42,6,202,56,-376,11*75
1426509550.672443,$SFIMU,-40,10,201,52,-383,23*4C
1426509550.681448,$SFIMU,-40,5,201,41,-400,59*7B
1426509550.691442,$SFIMU,-38,7,201,44,-408,59*7B
1426509550.701434,$SFIMU,-33,12,200,49,-406,29*41
1426509550.711427,$SFIMU,-31,10,202,51,-409,15*4A
1426509550.721390,$SFIMU,-32,10,203,53,-421,10*45
1426509550.731327,$SFIMU,-31,9,198,52,-436,15*7D
1426509550.741378,$SFIMU,-27,6,202,47,-461,39*7D
1426509550.750691,$SFIMU,-27,8,201,45,-469,64*72
1426509550.760544,$SFIMU,-24,7,200,46,-497,63*7A
1426509550.770400,$SFIMU,-21,7,204,45,-499,62*77
1426509550.780405,$SFIMU,-19,7,203,44,-491,73*72
1426509550.790389,$SFIMU,-15,9,203,45,-465,54*7F
1426509550.800363,$SFIMU,-15,9,206,51,-433,33*7D
1426509550.809340,$SFIMU,-15,8,207,47,-401,38*70
1426509550.819261,$SFIMU,-13,6,208,49,-376,56*76
1426509550.829266,$SFIMU,-7,8,204,46,-363,70*4E
1426509550.839237,$SFIMU,-10,13,204,50,-348,59*47
1426509550.849227,$SFIMU,-9,9,206,49,-347,58*40
1426509550.859195,$SFIMU,-9,11,203,51,-349,44*76
1426509550.868292,$SFIMU,-6,8,204,51,-346,36*4C
1426509550.878204,$SFIMU,-5,11,205,50,-348,33*7C
1426509550.888217,$SFIMU,-4,9,206,52,-336,25*4B
1426509550.898256,$SFIMU,-4,11,210,52,-305,19*7A
1426509550.907510,$SFIMU,-2,7,208,51,-283,17*40
1426509550.918604,$SFIMU,-1,9,208,55,-257,14*43
1426509550.927268,$SFIMU,1,8,207,53,-247,19*6A
1426509550.937196,$SFIMU,2,8,208,51,-239,30*66
1426509550.947270,$SFIMU,3,8,206,52,-224,32*64
1426509550.957208,$SFIMU,4,12,206,53,-213,23*5D
1426509550.967140,$SFIMU,4,10,203,55,-207,21*5B
1426509550.976205,$SFIMU,5,8,209,57,-195,12*63
1426509550.986174,$SFIMU,6,9,204,55,-172,9*5D
1426509550.996207,$SFIMU,7,8,207,55,-151,4*52
1426509551.006124,$SFIMU,6,8,208,56,-141,7*5D
1426509551.016182,$SFIMU,7,9,210,54,-113,7*51
1426509551.025416,$SFIMU,11,8,205,57,-86,6*5C
1426509551.035214,$SFIMU,10,7,206,59,-73,11*63
1426509551.045491,$SFIMU,8,8,207,55,-71,6*6C
1426509551.055529,$SFIMU,9,9,204,59,-68,7*6A
1426509551.064490,$SFIMU,12,8,205,59,-73,8*55
1426509551.074491,$SFIMU,12,8,203,58,-83,9*5C
1426509551.085518,$SFIMU,11,10,211,55,-73,7*69
1426509551.094210,$SFIMU,8,13,205,55,-66,7*53
1426509551.104187,$SFIMU,12,9,206,57,-46,8*5F
1426509551.114080,$SFIMU,11,9,207,56,-37,7*55
1426509551.124099,$SFIMU,9,9,205,59,-31,9*69
1426509551.134131,$SFIMU,12,11,204,54,-27,8*60
1426509551.144151,$SFIMU,12,8,202,58,-41,9*53
1426509551.153215,$SFIMU,9,8,202,58,-53,9*6A
1426509551.163189,$SFIMU,13,9,207,58,-67,12*68
1426509551.173191,$SFIMU,14,10,204,57,-78,7*61
1426509551.183184,$SFIMU,14,9,208,59,-52,10*65
1426509551.193154,$SFIMU,16,9,205,57,-51,13*64
1426509551.203099,$SFIMU,15,9,203,57,-34,16*67
1426509551.213087,$SFIMU,17,10,207,59,-14,14*57
1426509551.222067,$SFIMU,13,10,210,55,-2,12*68
1426509551.232062,$SFIMU,15,8,207,56,5,9*42
1426509551.242109,$SFIMU,13,9,207,58,9,12*7D
1426509551.252100,$SFIMU,19,8,207,55,15,12*46
1426509551.262117,$SFIMU,13,6,209,58,21,12*46
1426509551.272074,$SFIMU,14,9,207,60,20,14*4C
1426509551.281122,$SFIMU,17,7,206,55,21,11*42
1426509551.291132,$SFIMU,14,9,203,54,26,9*75
1426509551.301105,$SFIMU,15,9,205,55,27,6*7D
1426509551.311164,$SFIMU,15,10,207,55,24,6*44
1426509551.321395,$SFIMU,17,8,210,54,31,8*72
1426509551.330416,$SFIMU,13,10,206,55,24,5*40
1426509551.340459,$SFIMU,14,11,204,57,31,10*76
1426509551.350094,$SFIMU,15,9,207,55,36,6*7F
1426509551.360018,$SFIMU,17,8,206,56,34,4*7E
1426509551.370030,$SFIMU,15,10,206,57,32,7*41
1426509551.379911,$SFIMU,16,9,203,57,32,7*7F
1426509551.389072,$SFIMU,16,7,202,54,30,6*70
1426509551.398973,$SFIMU,15,9,204,58,30,9*78
1426509551.408969,$SFIMU,14,8,207,54,33,6*7B
1426509551.419019,$SFIMU,15,9,207,54,38,9*7F
1426509551.429003,$SFIMU,14,7,204,55,43,8*7F
1426509551.439033,$SFIMU,14,8,205,56,42,7*7C
1426509551.449023,$SFIMU,16,12,201,58,40,5*4F
1426509551.458994,$SFIMU,17,11,207,59,43,6*4A
1426509551.467963,$SFIMU,17,10,206,56,42,5*47
1426509551.477977,$SFIMU,17,9,204,53,37,7*78
1426509551.487925,$SFIMU,15,5,208,57,32,6*7A
1426509551.497940,$SFIMU,15,10,206,56,31,7*43
1426509551.507928,$SFIMU,18,10,205,58,31,9*4D
1426509551.516840,$SFIMU,15,9,205,59,28,9*71
1426509551.527824,$SFIMU,14,9,202,56,34,12*4F
1426509551.536838,$SFIMU,15,8,204,55,39,9*7D
1426509551.546875,$SFIMU,16,9,206,58,37,11*47
1426509551.556888,$SFIMU,14,8,206,57,38,12*47
1426509551.566885,$SFIMU,15,8,206,55,38,12*44
1426509551.576304,$SFIMU,15,8,205,58,38,12*4A
1426509551.586251,$SFIMU,18,8,205,55,40,7*71
1426509551.596155,$SFIMU,16,10,203,55,41,8*4E
1426509551.606193,$SFIMU,17,10,209,54,42,8*47
1426509551.616204,$SFIMU,16,9,206,58,42,8*7D
1426509551.626191,$SFIMU,12,8,208,58,41,8*75
1426509551.636138,$SFIMU,18,8,203,57,40,6*74
1426509551.646156,$SFIMU,14,10,203,57,39,6*4F
1426509551.654845,$SFIMU,16,9,204,61,39,7*76
1426509551.664816,$SFIMU,16,10,206,58,42,8*45
1426509551.675177,$SFIMU,15,7,207,59,40,9*73
1426509551.685196,$SFIMU,15,8,204,58,38,9*71
1426509551.695228,$SFIMU,17,10,206,56,44,8*4C
1426509551.705189,$SFIMU,16,10,206,56,39,9*46
1426509551.714080,$SFIMU,15,7,206,58,42,9*71
1426509551.724171,$SFIMU,17,10,204,56,43,16*76
1426509551.733776,$SFIMU,18,9,204,54,43,30*47
1426509551.743794,$SFIMU,15,8,203,54,41,31*4F
1426509551.753742,$SFIMU,15,8,208,57,42,30*45
1426509551.763780,$SFIMU,17,9,203,54,40,25*48
1426509551.773735,$SFIMU,16,8,204,56,42,29*43
1426509551.782748,$SFIMU,16,8,206,53,41,33*4C
1426509551.792768,$SFIMU,18,8,206,53,39,39*47
1426509551.802746,$SFIMU,15,9,204,55,44,53*49
1426509551.812789,$SFIMU,15,9,208,52,41,74*42
1426509551.822776,$SFIMU,16,8,207,54,40,86*45
1426509551.832703,$SFIMU,18,7,207,56,41,109*71
1426509551.842657,$SFIMU,17,9,203,53,41,85*44
1426509551.851665,$SFIMU,13,9,205,55,40,70*4B
1426509551.861639,$SFIMU,16,13,205,55,40,33*72
1426509551.871633,$SFIMU,15,12,206,55,43,20*72
1426509551.881619,$SFIMU,16,10,201,57,42,18*7C
1426509551.891618,$SFIMU,16,9,208,56,39,13*4B
1426509551.901649,$SFIMU,16,10,204,55,41,15*75
1426509551.910631,$SFIMU,14,9,206,54,43,19*42
1426509551.920661,$SFIMU,17,9,204,55,39,8*7F
1426509551.931017,$SFIMU,16,12,205,56,38,7*48
1426509551.941033,$SFIMU,15,9,202,57,37,9*76
1426509551.949941,$SFIMU,38,4,200,56,44,9*73
1426509551.960875,$SFIMU,20,10,204,58,41,9*40
1426509551.970936,$SFIMU,17,10,205,55,40,7*47
1426509551.979682,$SFIMU,14,9,206,57,40,7*7D
1426509551.989593,$SFIMU,18,10,205,53,39,10*76
1426509551.999684,$SFIMU,18,8,208,56,43,8*73
1426509552.009638,$SFIMU,15,8,207,55,39,8*7F
1426509552.019640,$SFIMU,14,11,206,55,42,8*4B
1426509552.029967,$SFIMU,14,10,204,55,42,7*47
1426509552.038641,$SFIMU,15,9,203,57,40,8*76
1426509552.048628,$SFIMU,15,8,201,57,41,7*7B
1426509552.058625,$SFIMU,14,7,206,55,42,8*7C
1426509552.068702,$SFIMU,15,7,206,57,42,10*46
1426509552.078944,$SFIMU,16,7,204,57,42,7*71
1426509552.088650,$SFIMU,16,11,202,52,42,6*44
1426509552.097623,$SFIMU,17,9,201,60,43,9*70
1426509552.107581,$SFIMU,18,8,203,57,38,10*4C
1426509552.117768,$SFIMU,16,12,204,53,41,9*4C
1426509552.127890,$SFIMU,14,11,201,57,41,11*75
1426509552.137560,$SFIMU,16,8,205,55,40,16*4F
1426509552.147545,$SFIMU,14,10,206,56,42,25*76
1426509552.157507,$SFIMU,16,6,209,56,39,33*47
1426509552.166557,$SFIMU,17,9,201,55,42,31*4C
1426509552.176514,$SFIMU,16,9,202,57,42,32*4F
1426509552.186469,$SFIMU,13,11,204,54,42,24*71
1426509552.196464,$SFIMU,16,9,206,55,41,24*4D
1426509552.206558,$SFIMU,13,9,209,59,43,26*4B
1426509552.216514,$SFIMU,14,10,208,55,42,28*76
1426509552.226481,$SFIMU,13,10,204,58,38,28*7D
1426509552.235475,$SFIMU,15,8,205,57,42,35*4D
1426509552.245484,$SFIMU,15,7,207,57,42,50*43
1426509552.255468,$SFIMU,15,9,204,59,40,49*4A
1426509552.265480,$SFIMU,15,10,207,56,42,46*73
1426509552.275447,$SFIMU,17,8,208,55,42,44*46
1426509552.284452,$SFIMU,14,9,206,54,41,55*48
1426509552.294426,$SFIMU,17,9,206,54,43,66*49
1426509552.304439,$SFIMU,15,9,207,57,43,83*42
1426509552.314428,$SFIMU,16,10,206,57,40,91*78
1426509552.324395,$SFIMU,15,11,205,55,43,73*74
1426509552.334355,$SFIMU,14,8,204,54,41,47*48
1426509552.343369,$SFIMU,15,8,206,57,39,63*41
1426509552.354451,$SFIMU,16,11,203,55,39,87*77
1426509552.363484,$SFIMU,15,9,206,56,40,50*4F
1426509552.373421,$SFIMU,17,9,205,58,42,37*43
1426509552.383374,$SFIMU,16,8,208,56,39,41*4D
1426509552.393370,$SFIMU,16,9,207,54,42,28*42
1426509552.403322,$SFIMU,15,11,206,55,41,22*71
1426509552.413370,$SFIMU,19,10,203,59,45,19*79
1426509552.422374,$SFIMU,16,6,206,55,42,22*47
1426509552.432359,$SFIMU,16,8,207,60,40,23*4D
1426509552.442593,$SFIMU,13,7,206,55,41,21*43
1426509552.452279,$SFIMU,17,10,205,56,42,26*75
1426509552.462339,$SFIMU,16,12,205,55,43,17*76
1426509552.472332,$SFIMU,17,10,206,57,39,17*79
1426509552.481304,$SFIMU,19,9,204,58,42,17*4E
1426509552.491311,$SFIMU,14,11,205,56,41,16*77
1426509552.501267,$SFIMU,16,10,203,55,43,11*74
1426509552.511253,$SFIMU,15,8,205,54,45,10*4E
1426509552.521230,$SFIMU,17,8,203,54,41,9*76
1426509552.530287,$SFIMU,18,9,203,57,43,9*79
1426509552.541238,$SFIMU,16,10,205,58,39,11*72
1426509552.550247,$SFIMU,17,9,207,56,45,10*4D
1426509552.560200,$SFIMU,15,9,205,56,43,11*4A
1426509552.570166,$SFIMU,15,12,205,56,42,9*48
1426509552.580079,$SFIMU,16,8,205,57,41,8*73
1426509552.589498,$SFIMU,17,8,206,56,40,7*7E
1426509552.599137,$SFIMU,14,9,204,56,43,8*72
1426509552.609222,$SFIMU,15,7,206,55,40,9*7E
1426509552.619202,$SFIMU,15,8,203,58,41,10*40
1426509552.629117,$SFIMU,17,8,205,57,40,13*49
1426509552.639186,$SFIMU,15,10,205,55,42,14*75
1426509552.648470,$SFIMU,14,9,205,54,40,16*4D
1426509552.658499,$SFIMU,16,7,203,55,42,17*45
1426509552.668497,$SFIMU,18,8,205,58,41,21*49
1426509552.678506,$SFIMU,16,9,205,57,43,23*49
1426509552.688500,$SFIMU,15,9,208,58,39,28*4E
1426509552.698088,$SFIMU,17,10,201,57,40,31*74
1426509552.707448,$SFIMU,18,7,204,56,42,27*4C
1426509552.718129,$SFIMU,14,9,208,56,43,27*43
1426509552.728212,$SFIMU,13,6,205,57,41,31*42
1426509552.737078,$SFIMU,16,9,208,57,40,25*41
1426509552.747093,$SFIMU,16,9,206,55,42,24*4E
1426509552.757105,$SFIMU,18,9,204,57,40,18*4D
1426509552.767100,$SFIMU,16,8,206,56,47,14*4A
1426509552.777104,$SFIMU,13,10,207,56,40,16*72
1426509552.787066,$SFIMU,16,9,207,56,41,14*4C
1426509552.797079,$SFIMU,12,10,208,55,42,16*7D
1426509552.806043,$SFIMU,15,10,205,55,39,14*79
1426509552.816310,$SFIMU,17,9,206,55,39,13*47
1426509552.826018,$SFIMU,17,9,206,55,41,13*48
1426509552.835994,$SFIMU,16,9,206,57,43,14*4E
1426509552.845290,$SFIMU,16,9,207,56,40,11*48
1426509552.855297,$SFIMU,16,9,202,57,44,13*4A
1426509552.865262,$SFIMU,15,8,206,57,43,13*4B
1426509552.875242,$SFIMU,17,9,205,55,39,11*46
1426509552.885203,$SFIMU,14,11,205,55,43,12*72
1426509552.894965,$SFIMU,16,7,203,57,40,10*42
1426509552.904993,$SFIMU,15,9,203,52,43,13*4A
1426509552.915299,$SFIMU,17,10,205,55,41,11*71
1426509552.925184,$SFIMU,18,10,206,55,42,12*7D
1426509552.934011,$SFIMU,15,9,203,59,41,15*45
1426509552.943982,$SFIMU,16,7,201,56,40,22*40
1426509552.953993,$SFIMU,16,7,204,57,45,26*45
1426509552.964303,$SFIMU,15,10,210,59,42,24*7E
1426509552.973313,$SFIMU,17,8,204,56,42,26*4D
1426509552.983270,$SFIMU,17,10,207,58,42,22*7D
1426509552.993287,$SFIMU,17,9,204,55,41,21*4B
1426509553.003286,$SFIMU,15,8,205,55,41,17*4C
1426509553.013239,$SFIMU,15,9,207,57,45,16*48
1426509553.022890,$SFIMU,16,10,203,56,41,16*72
1426509553.032943,$SFIMU,14,8,204,59,43,15*40
1426509553.043270,$SFIMU,17,9,204,55,41,14*4D
1426509553.051964,$SFIMU,14,9,208,57,42,14*43
1426509553.061903,$SFIMU,17,9,205,57,41,15*4F
1426509553.072264,$SFIMU,15,8,207,57,39,14*40
1426509553.082062,$SFIMU,18,9,204,59,41,15*4F
1426509553.091893,$SFIMU,17,9,202,57,46,19*43
1426509553.101842,$SFIMU,16,7,206,55,42,24*40
1426509553.111846,$SFIMU,16,5,204,59,43,31*49
1426509553.121894,$SFIMU,15,11,203,57,42,49*78
1426509553.130910,$SFIMU,16,9,203,57,40,43*4A
1426509553.140890,$SFIMU,14,9,206,55,40,39*42
1426509553.150865,$SFIMU,16,11,205,55,43,38*78
1426509553.160832,$SFIMU,15,11,204,54,42,27*74
1426509553.170862,$SFIMU,15,7,204,56,45,30*40
1426509553.179840,$SFIMU,14,7,207,54,40,26*42
1426509553.189876,$SFIMU,15,10,207,57,41,26*77
1426509553.199875,$SFIMU,14,9,204,58,47,22*40
1426509553.209834,$SFIMU,14,6,205,56,42,21*46
1426509553.219816,$SFIMU,15,13,208,54,42,27*7A
1426509553.229813,$SFIMU,16,11,203,55,43,20*77
1426509553.238821,$SFIMU,12,8,207,55,43,18*44
1426509553.249855,$SFIMU,15,11,204,59,42,12*7F
1426509553.258793,$SFIMU,13,8,204,54,40,11*4D
1426509553.268824,$SFIMU,16,7,205,57,43,9*7F
1426509553.278792,$SFIMU,14,9,207,57,45,9*77
1426509553.288784,$SFIMU,14,8,206,57,44,10*4E
1426509553.298783,$SFIMU,17,10,204,54,42,8*4A
1426509553.307809,$SFIMU,13,8,205,56,43,10*4C
1426509553.317770,$SFIMU,16,9,207,58,38,10*48
1426509553.327768,$SFIMU,16,8,204,56,41,5*7E
1426509553.337752,$SFIMU,14,7,207,55,40,5*72
1426509553.347735,$SFIMU,16,9,206,56,42,8*73
1426509553.356734,$SFIMU,16,9,207,56,42,7*7D
1426509553.366758,$SFIMU,13,10,205,56,39,9*40
1426509553.376695,$SFIMU,15,10,206,58,42,8*46
1426509553.386713,$SFIMU,16,9,205,53,38,8*78
1426509553.396688,$SFIMU,17,10,205,56,41,7*45
1426509553.406649,$SFIMU,16,9,205,54,39,8*7E
1426509553.415808,$SFIMU,14,9,207,57,42,7*7E
1426509553.425710,$SFIMU,17,10,204,55,42,6*45
1426509553.436658,$SFIMU,15,11,203,55,38,10*7B
1426509553.445665,$SFIMU,15,7,208,58,46,10*43
1426509553.455615,$SFIMU,16,10,202,56,43,7*41
1426509553.465667,$SFIMU,17,10,202,53,41,11*70
1426509553.474614,$SFIMU,14,6,204,58,40,9*71
1426509553.485661,$SFIMU,16,9,206,57,40,10*49
1426509553.494599,$SFIMU,16,8,210,54,41,5*79
1426509553.504614,$SFIMU,18,9,204,56,43,7*71
1426509553.514680,$SFIMU,18,9,209,55,39,9*7C
1426509553.524698,$SFIMU,17,7,211,57,41,5*75
1426509553.534632,$SFIMU,15,8,206,58,39,7*7C
