1426506534.496967,$SFIMU,13,11,205,63,37,1*41
1426506534.505183,$SFIMU,13,7,206,62,36,4*70
1426506534.518343,$SFIMU,14,6,206,61,35,0*72
1426506534.524990,$SFIMU,14,6,206,60,38,2*7C
1426506534.535235,$SFIMU,14,6,205,60,40,2*70
1426506534.544920,$SFIMU,12,8,207,59,37,1*73
1426506534.553970,$SFIMU,9,7,206,60,41,2*4F
1426506534.564086,$SFIMU,11,9,205,59,37,0*72
1426506534.574084,$SFIMU,12,8,202,60,37,2*7F
1426506534.584530,$SFIMU,11,8,206,59,39,0*7E
1426506534.594067,$SFIMU,13,9,206,59,39,2*7F
1426506534.604077,$SFIMU,11,10,206,61,36,3*40
1426506534.614541,$SFIMU,10,8,209,57,36,2*73
1426506534.623019,$SFIMU,11,6,204,60,39,2*7A
1426506534.633039,$SFIMU,14,6,204,59,39,2*75
1426506534.643049,$SFIMU,12,7,206,60,37,1*77
1426506534.652992,$SFIMU,11,7,205,59,39,0*72
1426506534.663003,$SFIMU,12,7,204,63,34,2*76
1426506534.673420,$SFIMU,12,8,203,60,36,0*7D
1426506534.682991,$SFIMU,11,8,203,61,36,3*7C
1426506534.692050,$SFIMU,10,5,210,60,40,5*74
1426506534.702071,$SFIMU,14,9,207,62,38,1*73
1426506534.711999,$SFIMU,13,9,205,60,37,5*7F
1426506534.722039,$SFIMU,14,10,203,60,38,3*4F
1426506534.731415,$SFIMU,14,9,204,57,35,2*78
1426506534.741965,$SFIMU,14,6,207,59,37,2*78
1426506534.751013,$SFIMU,12,9,203,62,37,2*7D
1426506534.761003,$SFIMU,12,8,203,60,36,1*7C
1426506534.771016,$SFIMU,11,8,204,60,36,4*7D
1426506534.781303,$SFIMU,13,6,203,60,35,4*75
1426506534.790933,$SFIMU,14,8,205,58,36,4*72
1426506534.800917,$SFIMU,11,8,207,59,38,2*7C
1426506534.810391,$SFIMU,11,6,206,60,38,2*79
1426506534.819937,$SFIMU,14,7,204,59,39,4*72
1426506534.829992,$SFIMU,12,7,207,63,38,2*79
1426506534.840001,$SFIMU,11,8,202,61,41,3*7D
1426506534.850815,$SFIMU,13,8,205,58,39,1*7F
1426506534.860790,$SFIMU,13,11,205,61,34,4*45
1426506534.870790,$SFIMU,13,9,208,60,38,0*78
1426506534.880747,$SFIMU,13,10,204,59,40,1*48
1426506534.889320,$SFIMU,15,7,202,59,40,0*7F
1426506534.899299,$SFIMU,12,7,203,60,36,2*70
1426506534.909183,$SFIMU,12,9,204,59,35,2*70
1426506534.918744,$SFIMU,13,5,206,61,37,3*77
1426506534.929545,$SFIMU,12,6,205,61,36,4*70
1426506534.938799,$SFIMU,10,8,205,61,35,3*78
1426506534.947912,$SFIMU,14,7,202,59,36,3*7C
1426506534.958805,$SFIMU,12,8,207,59,35,3*73
1426506534.968743,$SFIMU,14,7,206,61,39,4*7B
1426506534.978800,$SFIMU,13,9,205,60,37,2*78
1426506534.988248,$SFIMU,11,6,209,60,36,5*7F
1426506534.997764,$SFIMU,13,10,204,61,39,3*4F
1426506535.008710,$SFIMU,12,8,205,64,34,1*7C
1426506535.017222,$SFIMU,14,9,207,60,37,5*7A
1426506535.027200,$SFIMU,12,6,206,60,37,2*75
1426506535.037162,$SFIMU,12,7,207,61,36,3*74
1426506535.047163,$SFIMU,10,9,207,59,34,4*76
1426506535.057185,$SFIMU,10,10,203,60,36,4*42
1426506535.067178,$SFIMU,14,6,207,60,38,4*7B
1426506535.077065,$SFIMU,15,7,206,60,37,6*77
1426506535.086362,$SFIMU,12,6,206,60,39,5*7C
1426506535.096869,$SFIMU,14,6,207,63,38,5*79
1426506535.106223,$SFIMU,12,9,206,58,37,1*72
1426506535.116256,$SFIMU,13,8,204,60,38,3*76
1426506535.125749,$SFIMU,14,9,206,60,37,2*7C
1426506535.135729,$SFIMU,11,8,205,59,38,2*7E
1426506535.145791,$SFIMU,12,11,207,60,39,0*4E
1426506535.155159,$SFIMU,14,8,206,63,37,4*78
1426506535.164862,$SFIMU,12,8,208,58,38,4*77
1426506535.175156,$SFIMU,10,9,206,63,38,2*74
1426506535.185191,$SFIMU,14,8,203,60,36,6*7D
1426506535.194755,$SFIMU,11,7,206,61,40,5*71
1426506535.204699,$SFIMU,12,7,207,61,39,2*7A
1426506535.214671,$SFIMU,12,5,207,57,35,6*75
1426506535.224712,$SFIMU,12,9,203,61,36,4*79
1426506535.234221,$SFIMU,12,7,206,60,37,4*72
1426506535.244120,$SFIMU,13,7,208,60,36,1*79
1426506535.253625,$SFIMU,12,7,204,61,34,3*75
1426506535.264653,$SFIMU,11,6,206,58,34,1*7D
1426506535.273844,$SFIMU,12,10,205,61,36,2*41
1426506535.283088,$SFIMU,13,8,205,60,40,4*7F
1426506535.292667,$SFIMU,11,8,204,61,33,1*7C
1426506535.302639,$SFIMU,15,7,203,61,36,3*77
1426506535.312778,$SFIMU,13,6,207,62,37,4*71
1426506535.323086,$SFIMU,11,9,205,63,35,3*7A
1426506535.333290,$SFIMU,12,8,204,58,36,2*73
1426506535.342121,$SFIMU,15,8,203,60,37,2*79
1426506535.352138,$SFIMU,11,8,205,60,36,5*7D
1426506535.363337,$SFIMU,13,6,207,59,36,2*7E
1426506535.372100,$SFIMU,10,5,206,62,37,4*70
1426506535.381301,$SFIMU,15,7,205,60,37,4*76
1426506535.391819,$SFIMU,13,8,206,61,35,3*78
1426506535.402351,$SFIMU,13,7,204,60,36,3*77
1426506535.411116,$SFIMU,13,5,206,59,37,4*7B
1426506535.421103,$SFIMU,10,6,204,58,41,5*78
1426506535.431094,$SFIMU,15,10,206,59,37,4*49
1426506535.441050,$SFIMU,13,8,204,62,34,7*7C
1426506535.451397,$SFIMU,15,9,207,59,39,1*7B
1426506535.461882,$SFIMU,14,10,205,60,36,4*40
1426506535.469614,$SFIMU,15,8,206,60,39,1*71
1426506535.480885,$SFIMU,14,7,206,61,36,4*74
1426506535.491582,$SFIMU,13,6,208,58,35,2*73
1426506535.499560,$SFIMU,13,9,204,60,37,3*78
1426506535.509681,$SFIMU,13,5,206,60,37,6*73
1426506535.519645,$SFIMU,15,9,205,59,35,4*70
1426506535.530034,$SFIMU,13,7,205,61,40,3*76
1426506535.538628,$SFIMU,12,9,208,59,36,5*78
1426506535.548667,$SFIMU,14,7,205,63,40,3*73
1426506535.558683,$SFIMU,13,8,207,60,37,2*7B
1426506535.568812,$SFIMU,14,7,206,57,41,2*77
1426506535.579353,$SFIMU,12,10,205,62,40,4*45
1426506535.589866,$SFIMU,13,7,204,61,40,2*76
1426506535.597775,$SFIMU,15,5,206,60,39,1*7C
1426506535.607489,$SFIMU,12,6,204,57,34,2*70
1426506535.618766,$SFIMU,11,7,205,61,35,3*76
1426506535.627629,$SFIMU,12,7,205,61,36,2*77
1426506535.637696,$SFIMU,13,8,204,62,35,5*7F
1426506535.647562,$SFIMU,12,8,203,61,38,-1*5E
1426506535.657525,$SFIMU,13,7,207,58,38,-2*5D
1426506535.667931,$SFIMU,14,6,205,60,39,4*78
1426506535.676723,$SFIMU,11,7,209,61,38,1*75
1426506535.686409,$SFIMU,11,8,207,58,39,1*7F
1426506535.696587,$SFIMU,12,7,204,60,40,4*70
1426506535.705878,$SFIMU,14,8,204,57,36,3*7B
1426506535.715934,$SFIMU,13,8,204,60,37,1*7B
1426506535.725552,$SFIMU,13,8,206,63,37,2*79
1426506535.735678,$SFIMU,12,6,206,62,36,1*75
1426506535.745685,$SFIMU,13,7,205,64,36,6*77
1426506535.755590,$SFIMU,11,9,203,60,34,6*7B
1426506535.765604,$SFIMU,13,8,205,59,36,2*72
1426506535.775690,$SFIMU,13,6,204,63,36,0*76
1426506535.784671,$SFIMU,13,8,208,57,37,2*70
1426506535.794657,$SFIMU,12,9,207,59,36,0*72
1426506535.805122,$SFIMU,11,7,205,64,33,1*77
1426506535.814636,$SFIMU,12,7,207,60,36,0*76
1426506535.824618,$SFIMU,13,8,204,59,34,3*70
1426506535.834989,$SFIMU,12,5,204,61,34,4*70
1426506535.844588,$SFIMU,12,10,204,59,32,2*4F
1426506535.853591,$SFIMU,15,9,205,62,36,1*7E
1426506535.864030,$SFIMU,14,10,206,63,35,2*45
1426506535.873600,$SFIMU,12,8,203,61,35,2*7D
1426506535.883658,$SFIMU,13,8,208,60,33,1*73
1426506535.893591,$SFIMU,15,7,200,62,35,2*75
1426506535.903778,$SFIMU,13,6,200,58,35,3*7A
1426506535.912449,$SFIMU,12,9,206,63,35,1*78
1426506535.923780,$SFIMU,10,10,206,62,37,3*43
1426506535.932657,$SFIMU,12,8,204,59,36,3*73
1426506535.942812,$SFIMU,12,8,207,63,33,3*7C
1426506535.953223,$SFIMU,13,10,207,63,33,0*47
1426506535.963840,$SFIMU,13,7,206,63,32,4*75
1426506535.974415,$SFIMU,12,7,208,61,30,1*7F
1426506535.982310,$SFIMU,12,6,206,60,32,1*73
1426506535.992996,$SFIMU,13,8,204,63,40,3*7A
1426506536.003527,$SFIMU,13,7,206,60,42,3*76
1426506536.013896,$SFIMU,14,8,203,37,69,-4*5A
1426506536.021534,$SFIMU,13,8,209,54,45,2*77
1426506536.031866,$SFIMU,15,8,208,59,40,0*7A
1426506536.042433,$SFIMU,13,8,204,62,34,1*7A
1426506536.052991,$SFIMU,12,7,205,61,39,3*79
1426506536.060861,$SFIMU,12,9,209,61,35,4*70
1426506536.071458,$SFIMU,13,7,209,64,33,2*7A
1426506536.081967,$SFIMU,11,6,203,62,37,1*72
1426506536.092452,$SFIMU,12,8,204,62,36,3*7B
1426506536.100321,$SFIMU,13,8,205,62,37,2*7B
1426506536.110783,$SFIMU,14,7,204,60,37,3*71
1426506536.120408,$SFIMU,13,8,205,65,37,-1*52
1426506536.131277,$SFIMU,12,11,203,61,35,-1*6B
1426506536.141054,$SFIMU,11,7,209,62,33,1*7D
1426506536.149635,$SFIMU,14,8,206,60,37,2*7D
1426506536.159622,$SFIMU,13,6,207,63,39,1*7B
1426506536.168634,$SFIMU,12,5,204,62,38,3*78
1426506536.178618,$SFIMU,10,9,203,59,37,3*76
1426506536.188594,$SFIMU,12,7,207,55,30,0*76
1426506536.198585,$SFIMU,13,6,204,60,37,2*76
1426506536.208919,$SFIMU,11,9,208,62,39,2*7B
1426506536.218510,$SFIMU,13,8,203,61,39,1*73
1426506536.228562,$SFIMU,14,7,207,63,34,3*72
1426506536.237751,$SFIMU,12,7,205,56,32,4*71
1426506536.247848,$SFIMU,10,8,207,61,35,2*7B
1426506536.257815,$SFIMU,12,9,204,60,38,1*74
1426506536.267489,$SFIMU,13,9,206,62,34,1*79
1426506536.277852,$SFIMU,11,7,203,61,36,0*70
1426506536.287329,$SFIMU,14,9,205,62,36,3*7D
1426506536.297275,$SFIMU,14,9,207,61,36,1*7E
1426506536.306815,$SFIMU,12,7,204,60,37,1*75
1426506536.316834,$SFIMU,13,7,205,62,37,3*75
1426506536.326831,$SFIMU,14,6,205,64,36,1*76
1426506536.336818,$SFIMU,9,6,205,61,38,0*40
1426506536.346772,$SFIMU,11,7,206,63,39,3*7B
1426506536.356673,$SFIMU,13,9,203,58,36,2*74
1426506536.365721,$SFIMU,13,7,206,64,40,0*73
1426506536.375578,$SFIMU,15,7,206,61,34,2*71
1426506536.385734,$SFIMU,9,8,208,62,36,2*4C
1426506536.397000,$SFIMU,13,8,204,63,35,3*78
1426506536.407606,$SFIMU,17,6,203,60,35,2*77
1426506536.415399,$SFIMU,12,8,207,60,36,1*78
1426506536.425859,$SFIMU,12,8,201,63,38,0*72
1426506536.436268,$SFIMU,13,6,205,61,35,-1*5A
1426506536.446801,$SFIMU,14,7,206,59,36,1*7A
1426506536.454697,$SFIMU,11,8,207,60,39,2*77
1426506536.465163,$SFIMU,12,10,201,61,37,-1*6A
1426506536.475664,$SFIMU,15,7,203,60,34,2*75
1426506536.486105,$SFIMU,14,7,205,62,34,2*70
1426506536.494138,$SFIMU,12,5,207,60,37,4*71
1426506536.504665,$SFIMU,12,8,207,61,36,2*7A
1426506536.515127,$SFIMU,15,8,202,61,38,-3*5A
1426506536.523162,$SFIMU,13,6,206,61,33,0*73
1426506536.533676,$SFIMU,12,6,203,60,34,-2*5E
1426506536.544111,$SFIMU,12,8,209,62,37,1*75
1426506536.554663,$SFIMU,13,6,205,62,36,3*75
1426506536.562503,$SFIMU,13,8,202,62,33,0*7A
1426506536.572968,$SFIMU,13,8,205,61,41,3*78
1426506536.583507,$SFIMU,11,6,205,58,35,-2*51
1426506536.594007,$SFIMU,11,8,208,63,36,-2*59
1426506536.601877,$SFIMU,13,8,206,61,36,2*7A
1426506536.612411,$SFIMU,12,8,205,62,39,3*75
1426506536.622755,$SFIMU,11,9,208,61,37,1*75
1426506536.633354,$SFIMU,13,8,205,63,35,1*7B
1426506536.641299,$SFIMU,12,6,208,61,38,1*76
1426506536.651692,$SFIMU,13,5,204,61,39,2*7A
1426506536.662189,$SFIMU,14,8,204,62,37,2*7D
1426506536.672748,$SFIMU,13,8,205,62,36,2*7A
1426506536.683088,$SFIMU,13,6,208,60,36,0*79
1426506536.691005,$SFIMU,11,6,208,61,36,-3*54
1426506536.701525,$SFIMU,12,10,207,62,37,1*42
1426506536.711990,$SFIMU,13,7,207,59,36,-8*58
1426506536.724145,$SFIMU,22,6,205,61,31,-56*6E
1426506536.736729,$SFIMU,17,5,207,57,36,-106*5F
1426506536.743160,$SFIMU,7,11,205,59,31,-89*66
1426506536.750871,$SFIMU,8,11,205,58,31,-55*69
1426506536.759841,$SFIMU,16,7,205,62,29,-75*63
1426506536.769829,$SFIMU,25,3,201,60,31,-94*67
1426506536.781178,$SFIMU,2,13,206,62,34,-31*6C
1426506536.791650,$SFIMU,14,7,208,62,34,-35*64
1426506536.799565,$SFIMU,12,8,207,59,35,-26*69
1426506536.810180,$SFIMU,15,7,205,61,34,-24*6B
1426506536.820719,$SFIMU,10,11,202,61,36,-13*58
1426506536.828701,$SFIMU,11,7,209,60,36,-5*53
1426506536.839138,$SFIMU,12,10,207,61,33,-1*68
1426506536.849705,$SFIMU,14,9,205,60,36,-1*50
1426506536.860123,$SFIMU,14,9,204,63,36,-1*52
1426506536.868100,$SFIMU,12,7,203,61,35,-2*5F
1426506536.877715,$SFIMU,15,7,209,62,36,0*7D
1426506536.887985,$SFIMU,24,2,204,61,39,-42*60
1426506536.898562,$SFIMU,23,3,211,66,34,-105*5A
1426506536.909021,$SFIMU,31,-3,208,56,33,-192*76
1426506536.917962,$SFIMU,3,15,206,59,34,-155*50
1426506536.927939,$SFIMU,26,2,207,64,31,-184*57
1426506536.937999,$SFIMU,28,3,205,59,37,-236*58
1426506536.947806,$SFIMU,23,5,204,62,36,-230*5B
1426506536.956946,$SFIMU,5,15,206,68,26,-207*53
1426506536.966943,$SFIMU,16,8,210,59,26,-244*5F
1426506536.976837,$SFIMU,2,15,208,67,28,-192*54
1426506536.986902,$SFIMU,10,8,208,58,35,-258*5E
1426506536.998188,$SFIMU,11,7,206,70,23,-242*58
1426506537.007285,$SFIMU,13,10,207,67,23,-237*69
1426506537.016742,$SFIMU,2,9,207,73,9,-155*5B
1426506537.025946,$SFIMU,3,14,203,78,10,-137*55
1426506537.035953,$SFIMU,21,5,207,65,27,-120*5F
1426506537.045878,$SFIMU,3,14,207,63,36,-80*62
1426506537.057259,$SFIMU,14,10,208,59,39,-75*53
1426506537.065001,$SFIMU,9,12,207,58,39,-60*67
1426506537.075119,$SFIMU,11,8,204,61,37,-59*68
1426506537.085116,$SFIMU,16,6,205,60,37,-53*6B
1426506537.095109,$SFIMU,24,3,202,59,33,-109*58
1426506537.104838,$SFIMU,16,6,204,59,38,-131*5A
1426506537.114927,$SFIMU,16,5,204,54,35,-155*5B
1426506537.124855,$SFIMU,15,6,206,61,36,-158*51
1426506537.135032,$SFIMU,16,7,201,61,38,-165*54
1426506537.144029,$SFIMU,23,6,204,62,35,-220*5A
1426506537.153931,$SFIMU,21,4,205,66,42,-237*59
1426506537.165833,$SFIMU,10,9,205,62,37,-231*56
1426506537.173773,$SFIMU,6,12,205,61,40,-165*5A
1426506537.184001,$SFIMU,15,7,207,58,39,-166*59
1426506537.194191,$SFIMU,21,6,206,62,36,-203*58
1426506537.204743,$SFIMU,14,11,203,62,38,-189*62
1426506537.213947,$SFIMU,12,10,210,64,37,-205*69
1426506537.222903,$SFIMU,16,9,205,63,38,-204*58
1426506537.232923,$SFIMU,28,4,206,66,31,-274*50
1426506537.242905,$SFIMU,8,12,203,60,39,-231*5F
1426506537.252810,$SFIMU,19,6,206,63,41,-266*51
1426506537.263029,$SFIMU,10,8,202,61,43,-240*56
1426506537.271951,$SFIMU,15,8,205,61,38,-271*5A
1426506537.283485,$SFIMU,19,7,207,55,37,-315*50
1426506537.294083,$SFIMU,30,2,207,60,38,-327*56
1426506537.302133,$SFIMU,6,15,208,63,39,-276*5D
1426506537.312613,$SFIMU,7,11,206,54,42,-268*51
1426506537.322140,$SFIMU,11,10,208,61,39,-295*61
1426506537.333315,$SFIMU,28,1,205,61,38,-337*5E
1426506537.341503,$SFIMU,11,7,206,60,33,-357*5D
1426506537.350636,$SFIMU,7,10,205,61,37,-288*59
1426506537.361047,$SFIMU,14,8,204,66,27,-282*5F
1426506537.370663,$SFIMU,1,10,201,63,32,-265*5F
1426506537.380697,$SFIMU,4,14,207,69,29,-212*58
1426506537.390605,$SFIMU,12,7,204,60,41,-183*52
1426506537.399607,$SFIMU,17,5,202,61,36,-207*5D
1426506537.409681,$SFIMU,-1,16,205,65,39,-157*7F
1426506537.419616,$SFIMU,27,2,204,66,37,-232*5F
1426506537.429639,$SFIMU,12,7,206,68,28,-228*55
1426506537.439587,$SFIMU,23,4,203,60,40,-267*5C
1426506537.449537,$SFIMU,13,8,207,74,31,-210*54
1426506537.458627,$SFIMU,18,9,205,66,30,-242*59
1426506537.468945,$SFIMU,21,6,210,54,45,-327*59
1426506537.478571,$SFIMU,7,12,214,55,38,-338*59
1426506537.488569,$SFIMU,23,6,205,55,42,-355*5C
1426506537.498883,$SFIMU,16,8,201,84,20,-323*59
1426506537.508551,$SFIMU,29,1,199,66,37,-352*52
1426506537.518601,$SFIMU,15,11,203,64,49,-360*66
1426506537.527959,$SFIMU,35,-5,203,72,26,-390*7D
1426506537.537497,$SFIMU,16,4,198,58,33,-374*57
1426506537.547590,$SFIMU,16,7,206,70,23,-387*57
1426506537.557962,$SFIMU,5,7,208,62,36,-421*67
1426506537.567494,$SFIMU,11,11,205,63,36,-385*60
1426506537.577740,$SFIMU,5,15,209,63,29,-360*58
1426506537.587792,$SFIMU,14,8,206,62,30,-332*55
1426506537.597818,$SFIMU,12,12,209,68,35,-308*61
1426506537.606733,$SFIMU,21,1,203,68,33,-338*5C
1426506537.616718,$SFIMU,9,15,208,75,26,-324*5D
1426506537.626692,$SFIMU,8,14,206,69,34,-301*5A
1426506537.636731,$SFIMU,11,6,208,66,32,-272*53
1426506537.648034,$SFIMU,13,6,207,68,28,-242*58
1426506537.656014,$SFIMU,12,9,209,75,35,-261*59
1426506537.666392,$SFIMU,21,9,203,76,35,-287*58
1426506537.676858,$SFIMU,23,5,200,67,36,-310*59
1426506537.687544,$SFIMU,28,2,203,68,36,-376*59
1426506537.695345,$SFIMU,4,14,206,60,34,-336*5B
1426506537.705875,$SFIMU,19,6,203,70,34,-326*51
1426506537.714781,$SFIMU,16,8,205,57,33,-299*51
1426506537.724840,$SFIMU,17,7,211,64,33,-319*53
1426506537.734765,$SFIMU,13,13,208,66,34,-335*61
1426506537.744713,$SFIMU,9,15,206,74,38,-309*52
1426506537.756371,$SFIMU,25,5,203,70,34,-410*5F
1426506537.764360,$SFIMU,27,5,204,74,32,-410*58
1426506537.775139,$SFIMU,9,8,198,63,25,-383*62
1426506537.785463,$SFIMU,18,9,208,73,31,-384*5A
1426506537.796082,$SFIMU,2,16,207,66,31,-362*5C
1426506537.804116,$SFIMU,22,3,209,74,30,-389*53
1426506537.814642,$SFIMU,19,6,210,73,37,-442*56
1426506537.824937,$SFIMU,25,5,203,64,32,-442*5B
1426506537.835448,$SFIMU,20,3,205,60,33,-459*51
1426506537.843409,$SFIMU,30,1,205,81,25,-472*53
1426506537.854195,$SFIMU,1,16,207,59,45,-459*5F
1426506537.864765,$SFIMU,15,7,208,70,34,-411*54
1426506537.872787,$SFIMU,43,-5,201,60,31,-541*71
1426506537.883142,$SFIMU,-9,17,214,81,41,-445*75
1426506537.893730,$SFIMU,25,5,206,58,28,-490*55
1426506537.904100,$SFIMU,5,11,207,60,47,-458*55
1426506537.912038,$SFIMU,12,12,197,51,37,-412*61
1426506537.921844,$SFIMU,18,9,202,51,44,-390*57
1426506537.935384,$SFIMU,20,7,202,75,43,-381*53
1426506537.941579,$SFIMU,24,5,205,83,35,-420*56
1426506537.951602,$SFIMU,2,14,209,72,35,-383*5E
1426506537.960584,$SFIMU,5,17,204,63,32,-311*5B
1426506537.970608,$SFIMU,14,8,203,66,40,-344*52
1426506537.981636,$SFIMU,26,5,204,73,33,-344*59
1426506537.991588,$SFIMU,2,15,204,57,35,-347*5D
1426506538.001691,$SFIMU,16,11,207,47,44,-294*67
1426506538.010815,$SFIMU,30,3,206,62,36,-332*5E
1426506538.020855,$SFIMU,22,5,200,72,37,-373*58
1426506538.030830,$SFIMU,15,11,205,64,40,-411*68
1426506538.040590,$SFIMU,10,11,208,59,43,-337*6E
1426506538.049866,$SFIMU,23,5,209,72,35,-355*56
1426506538.059875,$SFIMU,19,8,206,68,34,-376*56
1426506538.071384,$SFIMU,25,5,199,52,35,-408*57
1426506538.079243,$SFIMU,9,9,211,73,46,-396*61
1426506538.089518,$SFIMU,31,2,206,80,33,-390*5F
1426506538.099423,$SFIMU,27,5,201,69,28,-474*58
1426506538.109369,$SFIMU,22,6,203,59,41,-477*53
1426506538.119556,$SFIMU,22,6,207,59,39,-500*59
1426506538.129436,$SFIMU,8,12,205,62,36,-508*59
1426506538.139534,$SFIMU,19,8,201,48,27,-510*57
1426506538.149596,$SFIMU,20,9,207,59,34,-500*59
1426506538.159978,$SFIMU,10,14,211,68,40,-506*66
1426506538.167983,$SFIMU,21,5,205,78,39,-505*5D
1426506538.178368,$SFIMU,9,13,207,58,45,-565*5D
1426506538.188821,$SFIMU,20,7,202,59,45,-504*50
1426506538.199276,$SFIMU,7,13,211,66,42,-512*5E
1426506538.207041,$SFIMU,7,11,205,51,43,-480*56
1426506538.217673,$SFIMU,18,7,206,65,44,-441*51
1426506538.228102,$SFIMU,2,14,210,61,39,-440*50
1426506538.238631,$SFIMU,11,13,203,63,40,-400*6F
1426506538.249047,$SFIMU,14,10,205,63,37,-396*67
1426506538.257127,$SFIMU,12,10,202,56,40,-388*6F
1426506538.267777,$SFIMU,18,7,208,62,41,-383*54
1426506538.276729,$SFIMU,11,9,208,63,41,-399*59
1426506538.286205,$SFIMU,18,7,207,64,36,-408*59
1426506538.296733,$SFIMU,14,11,204,59,42,-352*64
1426506538.307235,$SFIMU,22,1,209,64,44,-403*56
1426506538.317682,$SFIMU,15,8,210,69,40,-442*5F
1426506538.325754,$SFIMU,12,8,206,52,49,-366*5F
1426506538.336267,$SFIMU,24,5,211,64,44,-458*53
1426506538.346879,$SFIMU,13,7,205,70,38,-464*51
1426506538.354814,$SFIMU,14,9,208,73,44,-481*56
1426506538.365412,$SFIMU,2,14,207,50,44,-491*52
1426506538.375716,$SFIMU,30,3,205,61,37,-401*58
1426506538.386033,$SFIMU,-1,12,203,62,32,-513*75
1426506538.396684,$SFIMU,14,11,208,59,46,-431*6E
1426506538.404719,$SFIMU,9,6,212,72,38,-421*6E
1426506538.415004,$SFIMU,12,10,201,72,41,-405*69
1426506538.425353,$SFIMU,9,10,205,49,44,-406*59
1426506538.433793,$SFIMU,7,13,204,45,48,-365*57
1426506538.444748,$SFIMU,14,10,205,48,51,-335*67
1426506538.455339,$SFIMU,30,4,205,53,46,-321*5D
1426506538.463132,$SFIMU,8,12,201,66,41,-401*51
1426506538.473363,$SFIMU,21,9,202,52,52,-347*53
1426506538.483669,$SFIMU,6,9,205,64,42,-370*61
1426506538.494236,$SFIMU,16,7,206,43,44,-319*51
1426506538.504744,$SFIMU,11,11,207,53,48,-309*6C
1426506538.512839,$SFIMU,8,11,205,54,53,-292*58
1426506538.523094,$SFIMU,26,5,204,60,44,-275*58
1426506538.531615,$SFIMU,31,3,204,64,46,-316*5A
1426506538.542366,$SFIMU,11,9,208,55,39,-348*5F
1426506538.551605,$SFIMU,8,12,206,58,49,-284*58
1426506538.561806,$SFIMU,34,0,206,63,48,-361*57
1426506538.571859,$SFIMU,5,11,205,51,60,-275*59
1426506538.581822,$SFIMU,34,0,212,58,47,-327*57
1426506538.591810,$SFIMU,3,14,208,68,37,-295*51
1426506538.601766,$SFIMU,12,10,208,63,35,-341*64
1426506538.610543,$SFIMU,21,7,204,62,28,-374*55
1426506538.620533,$SFIMU,18,9,207,69,28,-454*5C
1426506538.630550,$SFIMU,10,12,204,70,29,-437*61
1426506538.641009,$SFIMU,21,6,207,67,39,-419*5E
1426506538.651582,$SFIMU,16,3,206,65,39,-444*54
1426506538.659988,$SFIMU,27,3,204,75,30,-459*50
1426506538.669939,$SFIMU,27,4,202,67,31,-476*5E
1426506538.679828,$SFIMU,22,4,201,66,26,-531*5D
1426506538.689947,$SFIMU,19,4,201,63,41,-535*55
1426506538.699996,$SFIMU,2,13,211,65,36,-486*57
1426506538.709844,$SFIMU,13,7,206,72,27,-505*58
1426506538.719944,$SFIMU,-5,18,208,61,46,-394*79
1426506538.728820,$SFIMU,20,6,206,57,51,-342*5A
1426506538.738602,$SFIMU,11,11,201,62,45,-359*60
1426506538.748558,$SFIMU,2,17,203,56,46,-301*5F
1426506538.758613,$SFIMU,33,-1,206,63,40,-322*73
1426506538.769007,$SFIMU,10,11,208,69,22,-428*63
1426506538.778621,$SFIMU,6,10,205,62,37,-286*55
1426506538.787577,$SFIMU,6,13,206,63,38,-257*57
1426506538.797948,$SFIMU,26,5,205,62,35,-304*5A
1426506538.807607,$SFIMU,40,-2,206,63,23,-440*72
1426506538.817575,$SFIMU,13,12,202,61,38,-377*67
1426506538.827534,$SFIMU,28,7,209,62,39,-400*55
1426506538.837519,$SFIMU,23,3,207,62,32,-437*5B
1426506538.848015,$SFIMU,-4,20,207,56,51,-362*77
1426506538.857519,$SFIMU,11,10,209,63,53,-378*6C
1426506538.866579,$SFIMU,39,-1,204,66,32,-510*7C
1426506538.876477,$SFIMU,35,-1,208,49,58,-370*7D
1426506538.886478,$SFIMU,17,9,207,71,31,-495*5F
1426506538.897213,$SFIMU,12,10,206,63,35,-499*68
1426506538.907443,$SFIMU,38,-5,206,58,53,-444*71
1426506538.917399,$SFIMU,4,15,199,70,27,-532*5E
1426506538.925834,$SFIMU,5,11,207,70,37,-426*5A
1426506538.935850,$SFIMU,24,4,206,60,44,-430*5E
1426506538.947821,$SFIMU,21,3,207,71,31,-484*50
1426506538.955727,$SFIMU,14,10,205,72,38,-471*66
1426506538.966298,$SFIMU,9,9,206,66,39,-480*6B
1426506538.976811,$SFIMU,9,12,206,65,39,-406*5C
1426506538.987343,$SFIMU,11,11,203,65,39,-381*6B
1426506538.995257,$SFIMU,6,10,206,58,47,-304*53
1426506539.005622,$SFIMU,7,12,209,55,48,-280*50
1426506539.016147,$SFIMU,23,4,207,54,48,-367*56
1426506539.026617,$SFIMU,13,7,205,59,48,-357*5A
1426506539.034629,$SFIMU,5,10,205,64,42,-319*55
1426506539.045236,$SFIMU,24,8,202,60,47,-327*54
1426506539.055751,$SFIMU,11,11,201,55,52,-272*6A
1426506539.063808,$SFIMU,23,5,202,54,48,-330*50
1426506539.074405,$SFIMU,38,1,205,64,31,-410*51
1426506539.083839,$SFIMU,6,13,206,65,38,-315*56
1426506539.093428,$SFIMU,16,8,211,64,38,-304*5A
1426506539.103780,$SFIMU,19,11,204,65,36,-310*63
1426506539.114170,$SFIMU,5,11,206,64,36,-279*53
1426506539.124475,$SFIMU,22,6,209,68,32,-315*5C
1426506539.132637,$SFIMU,17,10,207,67,29,-337*66
1426506539.142644,$SFIMU,21,7,206,63,40,-326*5F
1426506539.152634,$SFIMU,11,13,206,62,41,-337*69
1426506539.161726,$SFIMU,12,9,204,56,47,-307*51
1426506539.171751,$SFIMU,32,2,205,61,42,-323*5E
1426506539.181747,$SFIMU,17,8,202,63,39,-372*5E
1426506539.192670,$SFIMU,24,4,209,63,40,-370*55
1426506539.203160,$SFIMU,30,0,211,66,37,-416*5F
1426506539.212168,$SFIMU,28,2,204,58,41,-441*5E
1426506539.221445,$SFIMU,14,9,206,66,28,-521*5D
1426506539.231586,$SFIMU,17,7,204,63,39,-433*55
1426506539.240991,$SFIMU,22,4,209,74,25,-475*54
1426506539.251021,$SFIMU,16,10,209,62,45,-449*68
1426506539.261036,$SFIMU,12,8,205,72,25,-466*53
1426506539.270225,$SFIMU,2,19,207,62,39,-440*58
1426506539.280714,$SFIMU,18,6,203,68,32,-470*5B
1426506539.290811,$SFIMU,11,12,205,70,27,-444*6B
1426506539.299957,$SFIMU,-2,15,204,69,33,-369*77
1426506539.309604,$SFIMU,3,12,206,63,42,-266*5C
1426506539.319657,$SFIMU,15,8,205,59,41,-242*5F
1426506539.330060,$SFIMU,45,-3,206,64,36,-409*78
1426506539.340070,$SFIMU,-8,17,205,58,46,-308*79
1426506539.350085,$SFIMU,28,1,207,59,46,-333*5A
1426506539.358918,$SFIMU,15,7,208,61,41,-340*55
1426506539.368560,$SFIMU,29,2,206,62,40,-400*50
1426506539.379673,$SFIMU,22,11,208,60,44,-418*68
1426506539.389148,$SFIMU,0,14,204,59,46,-419*58
1426506539.399686,$SFIMU,15,8,208,51,59,-334*53
1426506539.409992,$SFIMU,30,2,206,67,30,-329*56
1426506539.420006,$SFIMU,10,13,203,68,31,-398*65
1426506539.428056,$SFIMU,20,5,205,62,35,-381*51
1426506539.438528,$SFIMU,14,8,207,63,37,-393*59
1426506539.448649,$SFIMU,12,12,208,73,29,-393*65
1426506539.459058,$SFIMU,20,8,205,62,51,-407*57
1426506539.469632,$SFIMU,19,11,203,63,43,-413*64
1426506539.477444,$SFIMU,33,-1,208,65,39,-479*7C
1426506539.487953,$SFIMU,13,9,199,57,58,-494*55
1426506539.498108,$SFIMU,13,10,203,65,43,-476*6A
1426506539.508703,$SFIMU,12,10,205,68,37,-422*62
1426506539.516724,$SFIMU,8,17,208,63,44,-387*54
1426506539.527323,$SFIMU,36,-2,205,66,40,-348*7F
1426506539.537380,$SFIMU,28,5,204,72,24,-435*51
1426506539.547913,$SFIMU,24,8,204,71,21,-530*52
1426506539.555950,$SFIMU,39,4,203,63,20,-591*5C
1426506539.566414,$SFIMU,22,12,206,75,13,-580*63
1426506539.576815,$SFIMU,2,10,208,67,38,-502*5D
1426506539.587349,$SFIMU,9,11,208,66,40,-501*5A
1426506539.596255,$SFIMU,19,14,205,65,34,-475*61
1426506539.605642,$SFIMU,30,3,206,65,35,-500*5D
1426506539.616059,$SFIMU,10,15,204,60,41,-396*65
1426506539.626647,$SFIMU,1,15,206,60,39,-319*5F
1426506539.634456,$SFIMU,5,15,205,59,43,-273*52
1426506539.645161,$SFIMU,17,9,206,62,42,-271*54
1426506539.655812,$SFIMU,26,3,207,62,41,-196*54
1426506539.666340,$SFIMU,28,8,208,62,36,-281*5B
1426506539.674406,$SFIMU,11,6,205,61,42,-324*5C
1426506539.685077,$SFIMU,26,9,205,61,46,-341*50
1426506539.695723,$SFIMU,10,12,202,62,40,-403*6C
1426506539.703822,$SFIMU,18,6,207,58,45,-385*51
1426506539.714293,$SFIMU,18,5,205,61,44,-355*56
1426506539.724538,$SFIMU,18,5,202,64,38,-383*54
1426506539.733847,$SFIMU,6,15,207,56,54,-329*54
1426506539.745408,$SFIMU,20,9,202,56,51,-306*50
1426506539.752471,$SFIMU,27,10,205,57,44,-313*69
1426506539.762172,$SFIMU,38,1,206,63,36,-397*5A
1426506539.772330,$SFIMU,16,7,199,62,38,-429*58
1426506539.782789,$SFIMU,16,11,208,67,39,-474*68
1426506539.793324,$SFIMU,1,15,212,68,32,-445*57
1426506539.803876,$SFIMU,17,7,208,65,32,-436*51
1426506539.811922,$SFIMU,13,13,202,66,34,-438*61
1426506539.822367,$SFIMU,21,10,204,62,47,-406*68
1426506539.832879,$SFIMU,6,10,202,58,47,-347*50
1426506539.843313,$SFIMU,2,13,206,60,44,-308*50
1426506539.851272,$SFIMU,4,14,203,60,42,-287*54
1426506539.861843,$SFIMU,-4,14,206,64,45,-223*71
1426506539.872377,$SFIMU,11,14,206,64,34,-231*6D
1426506539.880368,$SFIMU,18,7,206,62,39,-235*59
1426506539.890586,$SFIMU,23,8,206,63,38,-248*54
1426506539.901110,$SFIMU,20,6,208,56,43,-290*58
1426506539.911718,$SFIMU,17,8,206,60,43,-294*5D
1426506539.919703,$SFIMU,7,10,204,58,41,-276*52
1426506539.930194,$SFIMU,31,4,204,61,41,-293*53
1426506539.940817,$SFIMU,8,11,205,61,37,-314*53
1426506539.951377,$SFIMU,22,9,205,58,46,-303*58
1426506539.959196,$SFIMU,28,1,207,56,47,-312*57
1426506539.969763,$SFIMU,25,11,205,67,35,-333*6D
1426506539.979596,$SFIMU,27,6,203,65,36,-361*59
1426506539.990025,$SFIMU,33,6,201,66,35,-458*53
1426506539.998891,$SFIMU,38,-4,203,71,35,-428*74
1426506540.008769,$SFIMU,8,9,203,68,33,-467*62
1426506540.018835,$SFIMU,-2,8,204,63,44,-399*4E
1426506540.027563,$SFIMU,21,6,205,62,42,-428*57
1426506540.037557,$SFIMU,-5,16,203,56,45,-352*71
1426506540.047537,$SFIMU,28,5,208,65,41,-380*51
1426506540.057497,$SFIMU,13,12,202,61,46,-363*6B
1426506540.067522,$SFIMU,24,10,206,59,42,-388*63
1426506540.077512,$SFIMU,25,10,204,63,39,-415*66
1426506540.087655,$SFIMU,14,11,207,62,37,-426*69
1426506540.098232,$SFIMU,14,8,205,62,42,-407*52
1426506540.106925,$SFIMU,9,15,206,65,44,-393*5A
1426506540.118610,$SFIMU,2,14,205,62,48,-347*51
1426506540.126648,$SFIMU,5,13,203,56,52,-308*50
1426506540.136951,$SFIMU,17,10,205,63,47,-317*6A
1426506540.147234,$SFIMU,20,12,205,60,48,-244*67
1426506540.155955,$SFIMU,17,9,206,58,42,-270*5C
1426506540.165945,$SFIMU,32,10,204,60,39,-240*65
1426506540.175948,$SFIMU,16,12,207,65,34,-308*67
1426506540.185908,$SFIMU,15,7,205,69,31,-337*57
1426506540.195508,$SFIMU,6,10,205,55,49,-336*52
1426506540.205467,$SFIMU,20,3,207,64,41,-304*5D
1426506540.215589,$SFIMU,15,14,207,59,44,-282*69
1426506540.224710,$SFIMU,24,3,207,68,33,-320*56
1426506540.234649,$SFIMU,18,8,203,66,32,-341*5E
1426506540.244572,$SFIMU,19,8,203,60,43,-321*59
1426506540.254973,$SFIMU,14,11,206,63,35,-308*60
1426506540.264625,$SFIMU,7,14,205,58,43,-270*53
1426506540.276227,$SFIMU,18,9,206,68,31,-276*52
1426506540.284102,$SFIMU,14,11,207,59,43,-259*6C
1426506540.294737,$SFIMU,18,11,206,59,45,-229*60
1426506540.305158,$SFIMU,22,6,204,61,37,-228*52
1426506540.315695,$SFIMU,32,6,209,68,24,-293*55
1426506540.323529,$SFIMU,20,7,205,69,32,-296*58
1426506540.332946,$SFIMU,8,13,202,64,35,-264*57
1426506540.343291,$SFIMU,37,3,204,61,31,-312*5D
1426506540.353588,$SFIMU,14,12,206,55,44,-289*68
1426506540.363123,$SFIMU,19,6,208,60,39,-338*59
1426506540.373039,$SFIMU,14,8,207,61,38,-313*5C
1426506540.383845,$SFIMU,29,3,205,60,34,-331*56
1426506540.392858,$SFIMU,6,13,209,64,35,-281*59
1426506540.404290,$SFIMU,10,13,207,62,37,-235*6B
1426506540.412194,$SFIMU,6,15,205,62,45,-178*57
1426506540.422608,$SFIMU,16,10,205,60,34,-185*65
1426506540.432576,$SFIMU,14,11,204,59,39,-179*63
1426506540.441987,$SFIMU,17,8,206,61,39,-128*55
1426506540.451755,$SFIMU,13,10,207,68,30,-130*60
1426506540.463594,$SFIMU,13,8,203,62,36,-123*53
1426506540.471065,$SFIMU,14,8,204,60,35,-109*5A
1426506540.481022,$SFIMU,16,8,208,60,39,-95*6C
1426506540.490915,$SFIMU,21,8,206,63,34,-113*57
1426506540.501012,$SFIMU,37,4,205,60,32,-190*51
1426506540.510907,$SFIMU,2,13,204,60,42,-133*5E
1426506540.520908,$SFIMU,14,8,206,58,35,-148*56
1426506540.530897,$SFIMU,-1,15,204,54,44,-45*47
1426506540.539575,$SFIMU,23,10,208,59,35,-70*5E
1426506540.549580,$SFIMU,32,6,204,67,33,-154*59
1426506540.559786,$SFIMU,26,8,208,65,35,-201*59
1426506540.570061,$SFIMU,33,2,206,64,33,-236*5A
1426506540.580619,$SFIMU,15,10,206,64,34,-252*68
1426506540.590519,$SFIMU,15,12,205,63,32,-264*6D
1426506540.600543,$SFIMU,26,10,204,60,38,-300*64
1426506540.608767,$SFIMU,21,9,207,60,39,-322*59
1426506540.618893,$SFIMU,2,13,203,59,44,-246*54
1426506540.628904,$SFIMU,8,13,205,64,42,-227*57
1426506540.638885,$SFIMU,6,13,204,60,43,-144*5B
1426506540.648691,$SFIMU,9,13,205,60,39,-123*59
1426506540.659180,$SFIMU,33,7,208,64,34,-193*5A
1426506540.669615,$SFIMU,15,13,205,60,42,-157*6B
1426506540.677904,$SFIMU,9,8,205,67,27,-209*60
1426506540.689852,$SFIMU,0,15,205,57,48,-89*65
1426506540.697451,$SFIMU,18,9,206,57,46,-72*68
1426506540.707861,$SFIMU,14,8,204,63,33,-108*5E
1426506540.718366,$SFIMU,13,10,206,59,43,-85*58
1426506540.728919,$SFIMU,16,9,207,60,39,-67*6F
1426506540.736782,$SFIMU,18,7,205,62,33,-71*62
1426506540.747154,$SFIMU,14,12,205,60,37,-74*59
1426506540.757591,$SFIMU,16,8,206,59,36,-64*69
1426506540.766295,$SFIMU,17,7,206,63,30,-74*69
1426506540.776745,$SFIMU,13,8,204,60,35,-65*66
1426506540.787183,$SFIMU,16,10,203,59,38,-55*59
1426506540.797572,$SFIMU,15,13,204,61,38,-40*51
1426506540.806108,$SFIMU,14,11,206,60,40,-25*5D
1426506540.815935,$SFIMU,13,10,205,60,42,-15*59
1426506540.826062,$SFIMU,13,9,207,60,40,-2*57
1426506540.835031,$SFIMU,18,7,209,58,40,-8*5D
1426506540.845877,$SFIMU,20,11,203,65,37,-20*5F
1426506540.854575,$SFIMU,23,8,206,61,37,-48*6B
1426506540.864552,$SFIMU,33,3,209,65,27,-133*56
1426506540.874627,$SFIMU,14,11,203,61,38,-157*62
1426506540.884582,$SFIMU,34,4,205,62,39,-150*57
1426506540.895585,$SFIMU,13,11,204,61,34,-173*68
1426506540.905847,$SFIMU,19,7,206,59,39,-123*54
1426506540.916238,$SFIMU,10,10,205,60,41,-72*58
1426506540.924177,$SFIMU,6,13,206,60,40,-42*6D
1426506540.933949,$SFIMU,9,11,203,59,44,-7*5A
1426506540.949066,$SFIMU,14,12,206,60,40,1*45
1426506540.953672,$SFIMU,17,7,205,62,38,1*7C
1426506540.962972,$SFIMU,18,9,205,61,35,-2*5D
1426506540.972617,$SFIMU,16,7,207,61,35,1*71
1426506540.982635,$SFIMU,20,7,206,62,34,0*76
1426506540.992650,$SFIMU,19,8,204,60,36,3*72
1426506541.002691,$SFIMU,18,8,205,62,37,3*71
1426506541.012968,$SFIMU,20,9,205,61,35,1*78
1426506541.024141,$SFIMU,14,11,207,63,37,2*47
1426506541.032055,$SFIMU,18,10,205,61,35,2*48
1426506541.042500,$SFIMU,17,7,205,65,29,2*78
1426506541.053026,$SFIMU,19,10,204,63,33,1*4F
1426506541.063668,$SFIMU,18,9,204,63,29,3*7F
1426506541.071392,$SFIMU,15,10,204,63,33,1*43
1426506541.081858,$SFIMU,16,8,209,60,39,1*7D
1426506541.090909,$SFIMU,18,9,205,57,40,3*76
1426506541.101069,$SFIMU,17,9,203,59,38,3*7E
1426506541.111383,$SFIMU,15,8,205,61,41,2*7F
1426506541.121900,$SFIMU,17,9,202,59,37,1*72
1426506541.132264,$SFIMU,18,10,205,61,36,1*48
1426506541.140191,$SFIMU,18,9,205,60,35,2*71
1426506541.150775,$SFIMU,17,9,204,59,37,0*75
1426506541.160100,$SFIMU,16,8,204,60,37,1*7E
1426506541.169962,$SFIMU,17,12,202,59,38,2*44
1426506541.179984,$SFIMU,16,10,204,61,32,2*40
1426506541.189964,$SFIMU,16,9,206,62,37,3*7D
1426506541.199871,$SFIMU,17,10,204,59,35,0*4F
1426506541.208644,$SFIMU,18,9,206,60,35,2*72
1426506541.219660,$SFIMU,15,7,205,60,36,2*71
1426506541.229095,$SFIMU,18,9,204,61,41,1*71
1426506541.239070,$SFIMU,18,9,206,60,39,5*79
1426506541.248953,$SFIMU,16,9,209,60,36,2*70
1426506541.259045,$SFIMU,17,11,205,60,36,2*44
1426506541.268597,$SFIMU,17,8,207,63,37,4*7A
1426506541.278605,$SFIMU,17,11,206,61,35,2*45
1426506541.288611,$SFIMU,16,9,205,62,37,2*7F
1426506541.298915,$SFIMU,20,8,202,61,36,2*7E
1426506541.309346,$SFIMU,21,8,205,61,36,1*7B
1426506541.317245,$SFIMU,18,7,207,66,35,3*7A
1426506541.327796,$SFIMU,15,8,205,64,32,2*7E
1426506541.338243,$SFIMU,17,10,208,58,33,1*45
1426506541.348778,$SFIMU,21,9,205,59,34,2*70
1426506541.356762,$SFIMU,15,7,207,62,36,1*72
1426506541.367122,$SFIMU,15,9,205,61,34,3*7D
1426506541.377709,$SFIMU,17,9,204,60,34,3*7F
1426506541.387987,$SFIMU,18,11,204,61,37,2*4A
1426506541.396037,$SFIMU,15,9,204,62,37,0*7F
1426506541.406176,$SFIMU,17,10,206,59,35,2*4F
1426506541.415961,$SFIMU,19,11,203,61,38,1*40
1426506541.426120,$SFIMU,17,9,207,62,38,1*70
1426506541.435999,$SFIMU,16,10,205,62,37,4*41
1426506541.446091,$SFIMU,17,11,204,61,36,1*47
1426506541.455233,$SFIMU,19,7,207,60,38,1*72
1426506541.465635,$SFIMU,19,10,206,61,35,3*4B
1426506541.475577,$SFIMU,19,9,205,60,34,2*71
1426506541.485561,$SFIMU,17,8,206,61,38,0*72
1426506541.495832,$SFIMU,15,10,206,61,36,1*46
1426506541.504939,$SFIMU,15,8,206,62,34,-1*53
1426506541.514908,$SFIMU,19,8,205,62,35,3*72
1426506541.523641,$SFIMU,15,8,208,59,37,5*7F
1426506541.533903,$SFIMU,20,8,205,61,34,1*78
1426506541.551137,$SFIMU,18,9,205,64,37,2*77
1426506541.553656,$SFIMU,16,9,207,60,37,2*7F
1426506541.563795,$SFIMU,20,8,201,62,38,1*73
1426506541.574011,$SFIMU,17,8,206,62,38,3*72
1426506541.583737,$SFIMU,18,8,204,60,37,2*73
1426506541.593986,$SFIMU,19,8,204,62,34,-1*5D
1426506541.602827,$SFIMU,17,8,208,60,36,1*72
1426506541.614466,$SFIMU,18,11,206,59,36,3*43
1426506541.624797,$SFIMU,16,7,205,57,38,5*7F
1426506541.632819,$SFIMU,17,9,206,62,36,2*7C
1426506541.643017,$SFIMU,19,8,208,64,39,1*77
1426506541.652856,$SFIMU,18,9,206,61,41,3*71
1426506541.663400,$SFIMU,16,10,205,58,35,2*4C
1426506541.672077,$SFIMU,17,9,205,62,40,3*7F
1426506541.682051,$SFIMU,16,11,203,59,38,0*45
1426506541.693790,$SFIMU,16,7,209,59,39,1*78
1426506541.701448,$SFIMU,15,8,205,60,36,0*7C
1426506541.711824,$SFIMU,16,11,205,62,35,1*47
1426506541.722335,$SFIMU,18,6,207,56,39,4*73
1426506541.732487,$SFIMU,17,11,204,60,40,2*44
1426506541.740737,$SFIMU,18,11,204,59,39,2*4F
1426506541.750655,$SFIMU,14,9,206,61,34,1*7D
1426506541.760988,$SFIMU,16,9,205,61,34,1*7C
1426506541.772005,$SFIMU,17,7,204,64,35,3*74
1426506541.780077,$SFIMU,19,9,207,59,35,3*79
1426506541.790577,$SFIMU,18,9,207,61,35,3*73
1426506541.800563,$SFIMU,14,8,204,61,35,1*7F
1426506541.810533,$SFIMU,20,8,206,61,32,3*7F
1426506541.820844,$SFIMU,15,9,204,60,34,2*7C
1426506541.829885,$SFIMU,19,7,205,57,38,2*77
1426506541.841169,$SFIMU,15,9,204,60,37,2*7F
1426506541.849190,$SFIMU,18,6,207,61,37,2*7F
1426506541.859682,$SFIMU,16,10,210,60,35,2*43
1426506541.870100,$SFIMU,17,11,204,62,37,2*46
1426506541.880623,$SFIMU,19,10,206,62,40,2*4B
1426506541.888273,$SFIMU,17,9,207,62,39,3*73
1426506541.898755,$SFIMU,16,7,206,58,38,1*77
1426506541.909113,$SFIMU,18,10,206,59,40,1*41
1426506541.919733,$SFIMU,16,9,204,60,40,1*7F
1426506541.927683,$SFIMU,16,9,206,59,39,4*7C
1426506541.937694,$SFIMU,17,8,203,59,41,3*71
1426506541.947649,$SFIMU,16,8,203,60,39,3*75
1426506541.957651,$SFIMU,16,9,203,62,36,0*7A
1426506541.967627,$SFIMU,17,10,206,60,35,4*43
1426506541.977611,$SFIMU,18,9,206,60,36,3*70
1426506541.987612,$SFIMU,16,8,209,62,35,3*71
1426506541.997627,$SFIMU,17,12,204,59,38,2*42
1426506542.007113,$SFIMU,17,11,203,59,36,4*4E
1426506542.017094,$SFIMU,20,10,203,58,35,2*4F
1426506542.027072,$SFIMU,16,10,206,59,37,3*4D
1426506542.036588,$SFIMU,17,8,207,59,39,5*7C
1426506542.046593,$SFIMU,17,7,207,62,34,2*71
1426506542.056626,$SFIMU,16,10,204,63,36,2*46
1426506542.066595,$SFIMU,16,11,208,61,34,3*4A
1426506542.076589,$SFIMU,18,9,207,62,35,2*71
1426506542.086930,$SFIMU,16,8,206,61,37,2*7E
1426506542.095960,$SFIMU,18,10,204,61,38,-1*6A
1426506542.106007,$SFIMU,17,10,206,60,39,2*49
1426506542.115681,$SFIMU,21,8,208,60,39,3*7A
1426506542.125107,$SFIMU,17,8,205,62,38,2*70
1426506542.135340,$SFIMU,17,7,204,61,40,0*70
1426506542.151640,$SFIMU,17,9,208,59,37,4*7D
1426506542.154815,$SFIMU,16,10,207,60,38,1*4B
1426506542.164521,$SFIMU,18,11,202,62,38,3*41
1426506542.173569,$SFIMU,18,10,206,61,39,1*44
1426506542.185058,$SFIMU,16,10,204,60,36,-1*6B
1426506542.193654,$SFIMU,18,9,205,61,37,1*71
1426506542.203960,$SFIMU,17,10,202,62,39,3*4E
1426506542.213940,$SFIMU,15,7,207,61,37,2*73
1426506542.223836,$SFIMU,18,10,205,61,36,0*49
1426506542.232998,$SFIMU,18,8,206,61,34,5*74
1426506542.243002,$SFIMU,17,8,205,62,35,0*7F
1426506542.253430,$SFIMU,17,8,204,63,37,2*7F
1426506542.263877,$SFIMU,19,9,202,64,37,2*71
1426506542.274628,$SFIMU,16,9,202,62,35,4*7C
1426506542.282509,$SFIMU,16,10,206,59,37,2*4C
1426506542.293091,$SFIMU,17,9,202,65,36,2*7F
1426506542.303704,$SFIMU,17,10,204,61,34,3*46
1426506542.311815,$SFIMU,16,6,206,62,38,3*7D
1426506542.322318,$SFIMU,16,10,207,61,36,2*47
1426506542.332715,$SFIMU,18,10,204,62,36,4*4F
1426506542.341968,$SFIMU,15,7,205,64,41,3*74
1426506542.351092,$SFIMU,16,8,206,61,34,5*7A
1426506542.361448,$SFIMU,20,6,205,61,39,1*7B
1426506542.371727,$SFIMU,18,10,205,60,40,1*48
1426506542.381060,$SFIMU,16,9,208,60,35,2*72
1426506542.392559,$SFIMU,17,10,206,61,36,6*43
1426506542.400404,$SFIMU,20,8,206,62,35,2*7A
1426506542.410741,$SFIMU,16,8,207,58,36,2*74
1426506542.419894,$SFIMU,18,8,204,59,34,0*78
1426506542.431393,$SFIMU,17,8,205,61,34,2*7F
1426506542.440118,$SFIMU,18,12,203,62,37,4*4B
1426506542.449837,$SFIMU,19,9,203,60,37,1*77
1426506542.460129,$SFIMU,16,10,206,58,39,2*43
1426506542.470735,$SFIMU,15,8,205,62,39,3*72
1426506542.480883,$SFIMU,18,8,203,59,40,2*7E
1426506542.489729,$SFIMU,17,7,204,61,37,2*72
1426506542.499101,$SFIMU,17,8,208,62,38,1*7E
1426506542.509671,$SFIMU,18,8,204,59,36,2*78
1426506542.520008,$SFIMU,15,9,205,60,34,1*7E
1426506542.530276,$SFIMU,16,8,206,61,36,3*7E
1426506542.539026,$SFIMU,17,8,204,61,33,0*7B
1426506542.548701,$SFIMU,17,8,208,59,37,1*79
1426506542.558872,$SFIMU,18,7,206,62,35,3*7F
1426506542.569130,$SFIMU,15,9,203,59,36,0*71
1426506542.578095,$SFIMU,17,7,210,61,36,1*75
1426506542.587554,$SFIMU,17,9,206,57,36,2*7A
1426506542.597754,$SFIMU,18,9,207,61,39,3*7F
1426506542.608328,$SFIMU,18,9,205,59,37,2*79
1426506542.617154,$SFIMU,16,9,202,61,35,4*7F
1426506542.628985,$SFIMU,15,9,209,61,35,0*73
1426506542.636853,$SFIMU,18,8,205,64,36,1*74
1426506542.647454,$SFIMU,17,11,204,65,34,0*40
1426506542.657949,$SFIMU,18,9,207,61,35,0*70
1426506542.668644,$SFIMU,15,11,206,59,34,0*4F
1426506542.676419,$SFIMU,20,7,204,60,35,3*74
1426506542.686907,$SFIMU,17,11,205,59,38,1*43
1426506542.697304,$SFIMU,17,10,205,58,38,-1*6E
1426506542.706109,$SFIMU,17,10,205,62,35,0*46
1426506542.715788,$SFIMU,18,9,208,62,36,4*7B
1426506542.726051,$SFIMU,19,12,204,59,35,2*41
1426506542.734796,$SFIMU,16,7,207,61,35,2*72
1426506542.747008,$SFIMU,19,6,203,60,38,4*72
1426506542.755230,$SFIMU,17,10,202,58,37,2*48
1426506542.764624,$SFIMU,18,8,206,61,37,0*72
1426506542.774627,$SFIMU,16,9,208,60,38,1*7C
1426506542.784017,$SFIMU,14,9,206,59,36,3*76
1426506542.794595,$SFIMU,17,10,207,62,37,1*47
1426506542.803658,$SFIMU,16,9,207,62,35,5*78
1426506542.814090,$SFIMU,16,11,204,65,33,3*45
1426506542.823562,$SFIMU,19,8,205,60,37,0*71
1426506542.833627,$SFIMU,21,10,203,64,34,1*43
1426506542.842989,$SFIMU,19,9,205,58,38,2*76
1426506542.853606,$SFIMU,19,10,205,63,37,1*4A
1426506542.862607,$SFIMU,20,7,204,59,37,2*7D
1426506542.872582,$SFIMU,15,7,205,60,34,3*72
1426506542.883726,$SFIMU,17,10,204,60,38,2*4A
1426506542.894036,$SFIMU,16,6,209,60,38,2*71
1426506542.904645,$SFIMU,18,7,204,59,36,2*77
1426506542.912325,$SFIMU,15,8,205,58,40,1*77
1426506542.922939,$SFIMU,17,8,206,62,35,2*7E
1426506542.933548,$SFIMU,17,9,205,59,34,0*77
1426506542.944000,$SFIMU,17,10,205,62,35,1*47
1426506542.951805,$SFIMU,19,9,208,60,34,3*7D
1426506542.961841,$SFIMU,17,10,207,58,32,3*49
1426506542.972368,$SFIMU,17,10,204,62,34,1*47
1426506542.982877,$SFIMU,18,10,206,59,36,2*43
1426506542.990878,$SFIMU,19,7,208,62,35,1*72
1426506543.001101,$SFIMU,15,11,207,61,39,3*4B
1426506543.011728,$SFIMU,16,9,206,59,36,7*70
1426506543.022288,$SFIMU,17,8,205,60,37,6*79
1426506543.032758,$SFIMU,18,6,206,60,35,10*4E
1426506543.040862,$SFIMU,15,7,206,62,34,7*77
1426506543.051351,$SFIMU,17,10,203,61,33,13*77
1426506543.062043,$SFIMU,15,10,207,61,32,15*76
1426506543.070025,$SFIMU,16,10,205,61,35,16*73
1426506543.080672,$SFIMU,18,8,204,63,34,12*42
1426506543.089875,$SFIMU,17,7,205,61,35,9*7A
1426506543.101991,$SFIMU,18,11,206,61,35,6*4E
1426506543.109289,$SFIMU,17,11,203,62,36,4*46
1426506543.119712,$SFIMU,15,9,207,62,33,9*71
1426506543.130177,$SFIMU,17,12,203,62,34,12*70
1426506543.140700,$SFIMU,16,7,207,62,32,19*4C
1426506543.148907,$SFIMU,16,9,207,63,34,39*47
1426506543.159430,$SFIMU,17,10,206,62,34,47*77
1426506543.170084,$SFIMU,15,9,208,62,36,46*40
1426506543.178114,$SFIMU,17,8,207,59,39,33*49
1426506543.188633,$SFIMU,21,9,205,59,37,18*48
1426506543.198877,$SFIMU,19,8,206,60,38,5*78
1426506543.209389,$SFIMU,17,8,204,60,37,6*78
1426506543.217478,$SFIMU,17,9,205,64,38,5*70
1426506543.228070,$SFIMU,18,10,205,61,37,6*4E
1426506543.238753,$SFIMU,13,11,206,62,37,28*78
1426506543.249159,$SFIMU,15,11,207,65,37,54*73
1426506543.257031,$SFIMU,20,10,207,60,35,60*74
1426506543.267737,$SFIMU,23,6,205,63,33,45*40
1426506543.277002,$SFIMU,18,7,208,61,35,26*45
1426506543.288542,$SFIMU,15,8,208,60,36,16*46
1426506543.296862,$SFIMU,13,11,205,61,38,27*78
1426506543.307866,$SFIMU,12,12,208,60,37,65*7F
1426506543.316832,$SFIMU,17,11,206,61,36,82*7E
1426506543.326369,$SFIMU,13,10,207,62,35,92*7B
1426506543.336440,$SFIMU,14,10,208,56,35,110*4F
1426506543.345641,$SFIMU,20,10,203,64,32,70*72
1426506543.357137,$SFIMU,19,8,206,61,36,70*45
1426506543.365659,$SFIMU,19,10,207,61,39,69*7A
1426506543.374724,$SFIMU,15,9,204,61,37,68*42
1426506543.384710,$SFIMU,19,8,206,59,38,90*4E
1426506543.394695,$SFIMU,13,10,207,61,34,118*4A
1426506543.404735,$SFIMU,10,13,204,57,38,147*4A
1426506543.414638,$SFIMU,15,13,204,60,37,149*4A
1426506543.424695,$SFIMU,10,11,206,60,38,156*4E
1426506543.434051,$SFIMU,23,7,204,59,34,120*7C
1426506543.443644,$SFIMU,17,8,205,61,35,115*79
1426506543.453714,$SFIMU,20,11,204,64,35,108*4D
1426506543.463662,$SFIMU,11,12,206,59,33,117*48
1426506543.473952,$SFIMU,23,7,208,61,33,103*7D
1426506543.483602,$SFIMU,20,9,205,58,36,91*48
1426506543.493955,$SFIMU,20,8,207,59,32,91*4E
1426506543.504538,$SFIMU,21,7,206,62,34,90*4E
1426506543.512977,$SFIMU,14,11,205,62,32,95*7F
1426506543.522986,$SFIMU,22,8,208,61,38,110*7A
1426506543.534757,$SFIMU,9,14,204,61,34,102*7D
1426506543.542711,$SFIMU,11,12,204,59,35,124*4C
1426506543.553322,$SFIMU,12,9,205,62,35,159*76
1426506543.563767,$SFIMU,6,14,204,65,33,159*7F
1426506543.571845,$SFIMU,16,9,208,60,37,166*73
1426506543.582113,$SFIMU,18,9,203,63,36,167*75
1426506543.592593,$SFIMU,25,7,209,63,34,170*7B
1426506543.602860,$SFIMU,16,9,206,60,41,173*78
1426506543.613518,$SFIMU,18,9,208,59,40,226*70
1426506543.621051,$SFIMU,8,11,208,58,37,230*7E
1426506543.631681,$SFIMU,17,7,203,59,37,232*7F
1426506543.640871,$SFIMU,25,8,203,62,33,191*77
1426506543.650819,$SFIMU,20,6,209,62,40,174*79
1426506543.662152,$SFIMU,18,8,204,61,32,163*71
1426506543.672766,$SFIMU,17,6,206,61,30,152*72
1426506543.680718,$SFIMU,32,6,208,61,33,142*79
1426506543.690928,$SFIMU,12,12,206,63,29,177*4F
1426506543.699853,$SFIMU,20,8,205,61,30,183*77
1426506543.709760,$SFIMU,-7,16,206,56,44,266*5C
1426506543.721195,$SFIMU,13,14,208,58,31,293*4E
1426506543.731669,$SFIMU,20,8,206,63,28,270*70
1426506543.739261,$SFIMU,20,5,204,60,32,269*7F
1426506543.749594,$SFIMU,17,10,206,57,39,290*44
1426506543.759636,$SFIMU,12,11,206,60,37,273*47
1426506543.768614,$SFIMU,20,8,206,62,37,257*7A
1426506543.778630,$SFIMU,11,15,206,62,34,266*45
1426506543.788568,$SFIMU,9,13,207,58,35,264*71
1426506543.798776,$SFIMU,17,11,203,66,32,287*4F
1426506543.809176,$SFIMU,-1,18,204,59,36,293*56
1426506543.819508,$SFIMU,36,1,206,63,31,271*77
1426506543.827977,$SFIMU,3,12,207,63,33,322*77
1426506543.837930,$SFIMU,6,14,206,62,29,323*7E
1426506543.848278,$SFIMU,2,11,211,59,37,377*7F
1426506543.857576,$SFIMU,24,10,206,58,39,391*4B
1426506543.868020,$SFIMU,19,11,205,60,29,369*4A
1426506543.878648,$SFIMU,9,12,207,56,35,403*79
1426506543.889076,$SFIMU,24,8,205,59,38,362*7D
1426506543.897054,$SFIMU,24,5,208,63,32,336*7F
1426506543.907034,$SFIMU,11,9,206,59,39,341*79
1426506543.917466,$SFIMU,23,5,205,58,28,341*76
1426506543.927629,$SFIMU,12,7,205,60,32,327*76
1426506543.937475,$SFIMU,20,6,205,62,31,299*73
1426506543.945626,$SFIMU,25,9,210,56,36,301*7D
1426506543.956077,$SFIMU,16,6,205,63,32,246*76
1426506543.965693,$SFIMU,29,6,208,58,35,223*7B
1426506543.975742,$SFIMU,18,10,203,57,36,207*4F
1426506543.985732,$SFIMU,29,7,208,60,31,165*74
1426506543.996088,$SFIMU,13,13,208,63,34,170*4A
1426506544.005773,$SFIMU,16,14,205,62,33,185*49
1426506544.015696,$SFIMU,10,13,205,61,36,214*45
1426506544.024808,$SFIMU,6,12,205,59,30,223*7A
1426506544.034780,$SFIMU,15,7,207,57,37,216*71
1426506544.044753,$SFIMU,10,9,207,61,34,207*7C
1426506544.055219,$SFIMU,28,5,204,59,37,202*75
1426506544.064753,$SFIMU,27,5,204,57,39,194*76
1426506544.074758,$SFIMU,28,8,204,61,35,207*74
1426506544.084064,$SFIMU,12,14,200,58,37,231*49
1426506544.093727,$SFIMU,22,9,205,59,34,219*7B
1426506544.104924,$SFIMU,0,16,206,60,36,265*75
1426506544.115480,$SFIMU,17,7,207,60,32,245*74
1426506544.125938,$SFIMU,14,15,201,61,36,248*4A
1426506544.133777,$SFIMU,23,6,206,62,34,234*71
1426506544.144361,$SFIMU,20,8,205,60,36,252*7F
1426506544.154894,$SFIMU,25,7,209,62,32,240*7C
1426506544.162800,$SFIMU,23,6,205,62,33,227*77
1426506544.173105,$SFIMU,9,13,206,61,38,265*76
1426506544.183116,$SFIMU,13,11,205,62,38,287*43
1426506544.193253,$SFIMU,28,5,205,59,35,260*72
1426506544.203097,$SFIMU,15,10,205,61,35,250*40
1426506544.212121,$SFIMU,28,7,206,60,32,217*7E
1426506544.222128,$SFIMU,23,7,202,58,34,173*7D
1426506544.231815,$SFIMU,25,5,208,61,29,143*76
1426506544.241942,$SFIMU,9,12,205,62,39,208*7D
1426506544.251993,$SFIMU,10,12,204,59,34,224*4F
1426506544.261961,$SFIMU,17,9,207,58,40,292*7E
1426506544.270588,$SFIMU,3,14,202,60,30,288*75
1426506544.280651,$SFIMU,28,5,208,58,33,276*7F
1426506544.290648,$SFIMU,22,7,207,58,39,261*74
1426506544.300659,$SFIMU,22,9,208,57,36,210*73
1426506544.310640,$SFIMU,15,9,205,60,35,233*7C
1426506544.320699,$SFIMU,11,6,206,61,34,234*73
1426506544.331069,$SFIMU,8,13,207,64,35,272*78
1426506544.340732,$SFIMU,21,11,207,62,26,266*40
1426506544.351156,$SFIMU,22,9,206,59,37,301*73
1426506544.361614,$SFIMU,14,12,206,58,32,299*48
1426506544.370090,$SFIMU,16,10,205,56,35,321*40
1426506544.380045,$SFIMU,4,11,208,59,28,355*7F
1426506544.390052,$SFIMU,24,7,208,66,29,335*71
1426506544.400019,$SFIMU,13,10,205,58,35,367*49
1426506544.408859,$SFIMU,12,9,206,56,31,370*7F
1426506544.420254,$SFIMU,21,8,207,60,25,334*7F
1426506544.430621,$SFIMU,23,5,204,60,33,343*74
1426506544.439049,$SFIMU,24,6,209,63,26,303*7E
1426506544.449000,$SFIMU,11,13,207,62,35,338*49
1426506544.458427,$SFIMU,17,6,205,59,37,350*7D
1426506544.467838,$SFIMU,26,3,210,64,32,363*75
1426506544.479775,$SFIMU,21,7,208,61,29,272*71
1426506544.487655,$SFIMU,21,9,206,62,44,335*7B
1426506544.497609,$SFIMU,31,6,208,64,29,286*7F
1426506544.507603,$SFIMU,14,7,206,61,37,311*72
1426506544.517589,$SFIMU,24,7,204,59,31,282*75
1426506544.527014,$SFIMU,23,5,203,60,34,291*7A
1426506544.537593,$SFIMU,18,5,203,57,39,288*73
1426506544.546565,$SFIMU,24,5,208,60,36,238*77
1426506544.560388,$SFIMU,20,6,205,59,33,248*75
1426506544.566557,$SFIMU,10,9,207,58,39,273*78
1426506544.576883,$SFIMU,4,9,204,63,37,254*4D
1426506544.587322,$SFIMU,9,10,207,61,36,307*7F
1426506544.597677,$SFIMU,6,16,202,59,29,367*70
1426506544.605625,$SFIMU,24,7,209,66,30,333*7E
1426506544.615996,$SFIMU,17,7,204,61,31,326*71
1426506544.626582,$SFIMU,17,7,204,58,30,305*7B
1426506544.637171,$SFIMU,15,6,206,59,42,248*76
1426506544.647367,$SFIMU,29,3,207,61,33,224*7A
1426506544.655863,$SFIMU,11,14,206,58,36,316*49
1426506544.665309,$SFIMU,23,6,208,59,28,309*75
1426506544.674493,$SFIMU,9,11,202,59,33,300*72
1426506544.684573,$SFIMU,39,2,208,60,31,212*73
1426506544.694978,$SFIMU,18,6,206,60,35,150*7B
1426506544.705592,$SFIMU,30,6,206,62,32,159*7D
1426506544.715963,$SFIMU,23,10,205,61,30,151*42
1426506544.723951,$SFIMU,21,9,206,63,35,151*7C
1426506544.734473,$SFIMU,18,9,204,62,30,141*71
1426506544.744103,$SFIMU,10,12,204,62,38,154*4F
1426506544.753651,$SFIMU,25,5,207,59,34,164*7B
1426506544.763527,$SFIMU,28,7,204,60,30,140*7F
1426506544.773940,$SFIMU,27,5,205,62,32,100*77
1426506544.784457,$SFIMU,15,10,208,61,36,119*40
1426506544.794862,$SFIMU,4,12,203,62,34,173*74
1426506544.802523,$SFIMU,8,12,205,61,40,217*7F
1426506544.812601,$SFIMU,14,16,206,57,32,261*44
1426506544.822533,$SFIMU,13,10,206,62,31,200*47
1426506544.832586,$SFIMU,28,5,209,59,37,164*7B
1426506544.842949,$SFIMU,11,11,208,64,32,203*4C
1426506544.853081,$SFIMU,24,5,204,63,34,163*77
1426506544.863609,$SFIMU,20,6,206,65,30,161*72
1426506544.874024,$SFIMU,14,12,204,63,28,174*49
1426506544.881984,$SFIMU,13,11,206,59,37,203*4B
1426506544.892579,$SFIMU,10,13,204,60,28,228*45
1426506544.902489,$SFIMU,9,12,201,57,39,286*79
1426506544.912728,$SFIMU,9,12,206,61,30,294*71
1426506544.921605,$SFIMU,5,18,200,55,40,358*70
1426506544.931037,$SFIMU,16,7,209,56,33,359*73
1426506544.941513,$SFIMU,25,7,205,57,37,314*73
1426506544.951957,$SFIMU,14,11,206,62,32,312*40
1426506544.962646,$SFIMU,18,8,202,56,32,343*73
1426506544.970366,$SFIMU,11,12,204,55,41,381*4E
1426506544.980846,$SFIMU,22,7,207,58,38,363*76
1426506544.991496,$SFIMU,7,14,203,60,36,390*7E
1426506545.001971,$SFIMU,23,4,204,58,37,347*7E
1426506545.010035,$SFIMU,7,14,204,61,30,358*7A
1426506545.020758,$SFIMU,20,10,203,59,31,283*41
1426506545.031111,$SFIMU,37,3,205,57,33,297*7A
1426506545.039049,$SFIMU,16,9,205,60,35,293*75
1426506545.049359,$SFIMU,20,7,206,62,30,262*74
1426506545.059688,$SFIMU,3,17,206,63,33,297*7C
1426506545.070177,$SFIMU,24,7,205,62,30,281*7E
1426506545.080853,$SFIMU,26,4,204,59,31,255*7E
1426506545.088869,$SFIMU,20,8,204,63,36,277*7A
1426506545.099730,$SFIMU,16,10,205,62,34,291*4C
1426506545.109670,$SFIMU,1,15,207,59,38,363*75
1426506545.118665,$SFIMU,17,12,206,61,31,376*42
1426506545.128245,$SFIMU,39,2,206,63,28,306*72
1426506545.138685,$SFIMU,23,7,205,60,28,314*7F
1426506545.148338,$SFIMU,30,2,203,62,30,293*7B
1426506545.158484,$SFIMU,24,6,207,58,32,274*7C
1426506545.166593,$SFIMU,13,9,207,57,34,325*7B
1426506545.176995,$SFIMU,23,6,207,64,30,291*7D
1426506545.186610,$SFIMU,4,13,204,59,37,324*79
1426506545.196629,$SFIMU,20,9,204,63,29,326*70
1426506545.206645,$SFIMU,17,6,210,62,29,330*78
1426506545.216635,$SFIMU,12,9,206,61,35,322*78
1426506545.226659,$SFIMU,13,11,207,61,35,328*4B
1426506545.235622,$SFIMU,24,5,206,60,41,393*79
1426506545.245640,$SFIMU,9,14,209,59,29,320*75
1426506545.255643,$SFIMU,7,14,206,57,36,378*79
1426506545.266078,$SFIMU,22,5,202,60,27,384*7D
1426506545.275581,$SFIMU,10,14,205,57,40,377*42
1426506545.285683,$SFIMU,14,8,203,62,32,352*79
1426506545.295058,$SFIMU,19,7,206,62,31,356*79
1426506545.304569,$SFIMU,21,8,206,59,32,357*77
1426506545.314583,$SFIMU,19,11,206,60,33,311*4D
1426506545.324560,$SFIMU,13,10,203,62,35,331*45
1426506545.334623,$SFIMU,17,9,207,61,31,345*79
1426506545.344024,$SFIMU,10,9,208,57,33,376*76
1426506545.354584,$SFIMU,17,9,210,60,34,372*7F
1426506545.364635,$SFIMU,15,7,208,65,26,365*7A
1426506545.374602,$SFIMU,18,11,205,65,27,376*4E
1426506545.383764,$SFIMU,15,7,206,61,36,385*7F
1426506545.394372,$SFIMU,34,0,206,59,32,340*7D
1426506545.404925,$SFIMU,17,12,206,59,32,347*48
1426506545.413773,$SFIMU,19,9,205,64,35,314*70
1426506545.425286,$SFIMU,17,10,206,63,30,300*42
1426506545.433186,$SFIMU,24,8,204,60,35,300*7F
1426506545.443685,$SFIMU,9,11,206,60,33,275*7F
1426506545.454251,$SFIMU,22,7,203,57,32,312*71
1426506545.464770,$SFIMU,17,9,205,63,34,295*70
1426506545.472594,$SFIMU,27,5,207,59,30,293*76
1426506545.482576,$SFIMU,19,8,206,60,33,265*77
1426506545.492580,$SFIMU,21,7,211,58,35,278*74
1426506545.502532,$SFIMU,18,6,206,62,32,262*7C
1426506545.512962,$SFIMU,27,5,205,59,41,273*7C
1426506545.523562,$SFIMU,17,8,206,55,34,262*7F
1426506545.533914,$SFIMU,13,12,202,62,33,231*41
1426506545.541806,$SFIMU,13,12,204,63,35,182*4B
1426506545.552325,$SFIMU,17,9,208,56,36,225*72
1426506545.562940,$SFIMU,21,5,207,63,30,202*71
1426506545.570815,$SFIMU,18,5,206,63,32,225*7D
1426506545.581399,$SFIMU,6,14,204,60,32,221*77
1426506545.591964,$SFIMU,22,7,206,56,36,261*74
1426506545.602584,$SFIMU,17,9,204,63,37,226*7A
1426506545.610415,$SFIMU,17,8,206,61,34,227*79
1426506545.620923,$SFIMU,22,6,205,60,33,240*75
1426506545.629848,$SFIMU,18,5,206,60,32,213*7B
1426506545.639899,$SFIMU,12,10,202,58,34,226*4A
1426506545.649945,$SFIMU,23,5,205,62,30,250*77
1426506545.659832,$SFIMU,3,16,205,60,35,192*7D
1426506545.671144,$SFIMU,13,10,207,59,37,243*4F
1426506545.679108,$SFIMU,9,15,205,62,31,238*71
1426506545.689625,$SFIMU,20,8,208,60,35,266*76
1426506545.699853,$SFIMU,10,15,209,57,33,261*4D
1426506545.708770,$SFIMU,-1,15,207,61,37,325*5E
1426506545.720127,$SFIMU,28,4,212,54,32,345*79
1426506545.730637,$SFIMU,14,9,206,62,31,319*71
1426506545.739603,$SFIMU,24,5,207,62,34,290*7A
1426506545.749597,$SFIMU,18,6,206,60,37,296*70
1426506545.758004,$SFIMU,22,5,208,61,30,252*7A
1426506545.767992,$SFIMU,19,5,204,57,35,233*79
1426506545.777947,$SFIMU,11,10,205,61,37,235*45
1426506545.787993,$SFIMU,10,11,207,62,43,262*45
1426506545.797940,$SFIMU,29,4,208,60,37,236*74
1426506545.807948,$SFIMU,20,8,202,62,31,185*74
1426506545.817934,$SFIMU,17,9,205,60,36,166*7E
1426506545.827850,$SFIMU,12,11,206,60,32,164*47
1426506545.836947,$SFIMU,7,14,206,61,35,181*7B
1426506545.846948,$SFIMU,17,7,205,63,33,222*75
1426506545.856977,$SFIMU,7,13,204,59,33,191*72
1426506545.866978,$SFIMU,5,14,207,59,33,224*79
1426506545.876953,$SFIMU,27,7,205,59,35,254*78
1426506545.887111,$SFIMU,9,13,205,61,33,216*7A
1426506545.895853,$SFIMU,26,6,207,60,37,244*73
1426506545.905800,$SFIMU,23,5,204,61,29,206*7E
1426506545.915821,$SFIMU,14,8,205,57,33,222*7E
1426506545.925831,$SFIMU,10,10,206,63,30,210*45
1426506545.935838,$SFIMU,11,11,206,61,31,226*43
1426506545.945795,$SFIMU,24,6,209,60,39,268*7F
1426506545.954593,$SFIMU,6,15,205,59,36,290*73
1426506545.965460,$SFIMU,23,6,210,58,32,283*75
1426506545.974977,$SFIMU,12,8,205,56,39,310*73
1426506545.985595,$SFIMU,10,13,205,58,35,326*4C
1426506545.995583,$SFIMU,20,9,206,59,35,337*76
1426506546.006027,$SFIMU,20,6,206,58,34,339*77
1426506546.014074,$SFIMU,27,5,206,59,30,282*77
1426506546.024747,$SFIMU,13,6,208,61,37,292*70
1426506546.035103,$SFIMU,22,5,206,57,32,269*7B
1426506546.045673,$SFIMU,17,9,207,59,31,269*7D
1426506546.053736,$SFIMU,9,11,206,62,28,226*71
1426506546.064158,$SFIMU,22,8,205,62,37,286*77
1426506546.074713,$SFIMU,17,8,204,60,30,243*7C
1426506546.083652,$SFIMU,30,2,206,64,33,238*7A
1426506546.093270,$SFIMU,15,9,208,62,33,208*7D
1426506546.103681,$SFIMU,12,9,206,59,35,205*77
1426506546.114213,$SFIMU,13,8,207,62,33,264*7F
1426506546.124791,$SFIMU,17,10,203,60,35,239*4A
1426506546.132937,$SFIMU,9,14,206,62,33,272*7F
1426506546.143423,$SFIMU,15,8,207,61,36,272*78
1426506546.154132,$SFIMU,23,7,205,59,34,286*72
1426506546.162131,$SFIMU,19,5,205,63,37,257*7F
1426506546.172359,$SFIMU,13,10,206,61,34,239*4B
1426506546.183042,$SFIMU,15,9,209,56,35,290*7C
1426506546.193458,$SFIMU,14,8,207,63,37,301*7F
1426506546.201452,$SFIMU,10,11,210,59,36,292*46
1426506546.211998,$SFIMU,14,10,205,57,37,308*4A
1426506546.220934,$SFIMU,21,5,209,64,36,311*7D
1426506546.232666,$SFIMU,13,7,207,67,36,302*71
1426506546.240388,$SFIMU,23,5,204,60,34,291*7D
1426506546.250688,$SFIMU,20,8,204,62,31,283*77
1426506546.261244,$SFIMU,15,8,201,57,32,266*7A
1426506546.270082,$SFIMU,13,8,206,57,34,273*79
1426506546.279741,$SFIMU,31,2,207,60,36,214*75
1426506546.290363,$SFIMU,15,8,207,59,36,243*71
1426506546.300897,$SFIMU,13,10,208,56,37,253*4E
1426506546.311629,$SFIMU,13,10,205,63,32,220*44
1426506546.319375,$SFIMU,12,10,204,60,35,234*45
1426506546.329927,$SFIMU,19,7,207,59,37,252*73
1426506546.340616,$SFIMU,16,7,205,62,30,243*71
1426506546.350583,$SFIMU,10,12,209,61,34,219*47
1426506546.358568,$SFIMU,23,4,206,58,36,231*7D
1426506546.368797,$SFIMU,19,12,207,61,35,206*4F
1426506546.379322,$SFIMU,18,4,206,59,33,218*7A
1426506546.389821,$SFIMU,12,12,205,58,33,200*4C
1426506546.398742,$SFIMU,14,9,207,62,33,200*7B
1426506546.408171,$SFIMU,5,17,205,62,33,214*73
1426506546.418837,$SFIMU,22,2,211,63,37,223*76
1426506546.428946,$SFIMU,21,5,208,60,32,244*7D
1426506546.439663,$SFIMU,12,10,207,58,35,226*4E
1426506546.447588,$SFIMU,17,9,203,60,38,226*71
1426506546.458160,$SFIMU,10,13,205,61,33,226*41
1426506546.468591,$SFIMU,25,5,204,58,34,211*78
1426506546.476693,$SFIMU,21,7,206,62,35,194*7A
1426506546.487241,$SFIMU,20,7,206,60,34,177*75
1426506546.497906,$SFIMU,8,11,204,58,41,220*72
1426506546.508264,$SFIMU,15,7,209,60,35,201*7F
1426506546.516313,$SFIMU,22,5,209,61,33,188*7C
1426506546.526944,$SFIMU,19,9,204,61,35,202*72
1426506546.537482,$SFIMU,2,15,207,60,36,234*71
1426506546.548052,$SFIMU,21,7,206,59,33,199*79
1426506546.555995,$SFIMU,8,14,205,64,36,220*79
1426506546.566656,$SFIMU,19,9,206,61,37,191*7B
1426506546.577149,$SFIMU,17,8,207,58,34,209*7E
1426506546.585195,$SFIMU,27,4,206,61,35,187*7E
1426506546.595867,$SFIMU,14,7,204,61,32,174*74
1426506546.606470,$SFIMU,30,4,203,58,38,205*73
1426506546.617000,$SFIMU,8,11,207,64,31,154*79
1426506546.625046,$SFIMU,14,10,202,59,38,166*46
1426506546.635521,$SFIMU,15,8,207,59,38,194*76
1426506546.646096,$SFIMU,14,9,205,61,40,212*7D
1426506546.654285,$SFIMU,39,1,204,60,39,205*72
1426506546.664864,$SFIMU,21,8,205,61,38,171*73
1426506546.675349,$SFIMU,12,11,206,62,37,167*43
1426506546.685750,$SFIMU,34,5,202,59,34,158*71
1426506546.693872,$SFIMU,14,11,207,58,37,163*49
1426506546.704215,$SFIMU,22,6,203,65,32,117*76
1426506546.713047,$SFIMU,15,9,205,59,38,160*7E
1426506546.724931,$SFIMU,13,11,208,59,33,161*46
1426506546.732958,$SFIMU,23,5,207,59,36,155*7D
1426506546.743254,$SFIMU,-6,18,206,58,40,230*5A
1426506546.753756,$SFIMU,19,8,208,58,34,214*73
1426506546.764327,$SFIMU,20,7,207,56,38,208*76
1426506546.772435,$SFIMU,15,10,205,59,34,197*42
1426506546.782974,$SFIMU,16,9,205,60,34,196*72
1426506546.792063,$SFIMU,16,10,204,62,32,203*40
1426506546.803778,$SFIMU,17,9,204,59,33,194*7D
1426506546.814080,$SFIMU,7,12,206,62,37,195*79
1426506546.821717,$SFIMU,12,8,205,60,32,181*77
1426506546.832349,$SFIMU,20,6,205,63,34,189*75
1426506546.841123,$SFIMU,23,4,207,58,33,228*71
1426506546.851709,$SFIMU,10,9,205,59,35,167*71
1426506546.861303,$SFIMU,17,7,208,60,34,177*7F
1426506546.871744,$SFIMU,10,11,206,60,32,193*4D
1426506546.880897,$SFIMU,24,7,207,60,37,192*78
1426506546.892638,$SFIMU,3,12,202,62,34,139*7C
1426506546.900717,$SFIMU,32,1,209,59,37,192*7D
1426506546.910648,$SFIMU,16,5,206,57,31,144*73
1426506546.921156,$SFIMU,9,9,204,60,37,162*45
1426506546.930083,$SFIMU,23,5,208,60,33,120*7F
1426506546.939522,$SFIMU,3,17,205,57,39,155*7F
1426506546.950085,$SFIMU,19,8,204,61,31,166*76
1426506546.960671,$SFIMU,15,5,208,59,38,177*79
1426506546.971151,$SFIMU,16,7,205,63,32,196*79
1426506546.978916,$SFIMU,3,15,205,59,38,232*70
1426506546.989533,$SFIMU,26,3,208,62,29,184*7B
1426506547.000104,$SFIMU,18,11,208,59,32,220*4A
1426506547.010815,$SFIMU,17,8,207,60,37,216*78
1426506547.018733,$SFIMU,12,8,204,58,42,194*7E
1426506547.029060,$SFIMU,8,11,204,60,35,237*7C
1426506547.039715,$SFIMU,13,9,206,59,37,238*7A
1426506547.047825,$SFIMU,20,5,206,63,33,238*7B
1426506547.058154,$SFIMU,15,10,207,59,38,230*42
1426506547.068705,$SFIMU,15,9,206,59,33,204*77
1426506547.078988,$SFIMU,9,12,203,55,36,269*77
1426506547.087080,$SFIMU,18,4,206,61,37,260*7A
1426506547.097784,$SFIMU,10,10,203,60,38,241*4F
1426506547.107901,$SFIMU,20,4,206,60,38,238*72
1426506547.118325,$SFIMU,14,8,205,56,32,242*78
1426506547.126366,$SFIMU,26,6,206,56,36,233*76
1426506547.137044,$SFIMU,15,9,203,57,32,187*75
1426506547.147765,$SFIMU,11,11,205,59,33,197*40
1426506547.156965,$SFIMU,12,10,204,64,31,213*40
1426506547.166013,$SFIMU,4,12,205,61,32,224*76
1426506547.176195,$SFIMU,27,5,207,58,33,232*7F
1426506547.186461,$SFIMU,2,14,206,55,34,234*75
1426506547.196986,$SFIMU,16,10,205,60,38,232*4B
1426506547.205766,$SFIMU,18,7,206,58,33,215*75
1426506547.216172,$SFIMU,21,6,206,60,33,209*78
1426506547.226867,$SFIMU,2,14,209,57,35,253*78
1426506547.234884,$SFIMU,36,1,207,59,31,205*7C
1426506547.245379,$SFIMU,-8,24,201,53,46,306*55
1426506547.255173,$SFIMU,24,7,208,58,30,250*76
1426506547.264805,$SFIMU,18,8,209,62,39,258*7F
1426506547.275127,$SFIMU,7,11,205,58,40,294*72
1426506547.285754,$SFIMU,19,8,208,57,37,299*7A
1426506547.293831,$SFIMU,19,5,204,54,44,298*7D
1426506547.304123,$SFIMU,8,12,205,53,47,292*74
1426506547.314442,$SFIMU,15,10,205,59,44,312*4A
1426506547.324742,$SFIMU,14,11,204,62,38,314*4E
1426506547.335094,$SFIMU,18,4,206,59,37,293*7D
1426506547.343067,$SFIMU,3,13,205,57,34,313*76
1426506547.353422,$SFIMU,22,6,204,54,36,348*7F
1426506547.363760,$SFIMU,7,13,204,65,28,308*75
1426506547.372996,$SFIMU,15,10,205,61,29,266*48
1426506547.384389,$SFIMU,19,9,206,57,42,306*70
1426506547.392803,$SFIMU,22,5,206,58,39,331*73
1426506547.402740,$SFIMU,12,8,204,60,30,280*76
1426506547.414058,$SFIMU,24,3,202,58,37,345*7A
1426506547.421770,$SFIMU,5,9,208,63,31,279*49
1426506547.432145,$SFIMU,24,5,206,57,37,257*75
1426506547.442789,$SFIMU,30,-1,207,61,34,219*54
1426506547.452104,$SFIMU,27,2,205,59,38,181*7B
1426506547.461100,$SFIMU,5,9,205,51,43,219*46
1426506547.471754,$SFIMU,17,6,206,50,45,210*77
1426506547.482086,$SFIMU,1,16,203,54,45,263*74
1426506547.492698,$SFIMU,22,6,205,59,39,238*7A
1426506547.502944,$SFIMU,18,8,207,61,38,221*7D
1426506547.510735,$SFIMU,6,10,204,54,40,241*77
1426506547.521086,$SFIMU,24,5,205,61,39,228*75
1426506547.531727,$SFIMU,4,11,204,54,46,264*75
1426506547.539788,$SFIMU,15,8,208,54,37,276*74
1426506547.550037,$SFIMU,14,9,205,47,53,282*72
1426506547.560382,$SFIMU,12,7,209,52,33,300*7F
1426506547.570708,$SFIMU,5,11,214,57,47,344*74
1426506547.581289,$SFIMU,33,1,213,67,32,336*73
1426506547.590095,$SFIMU,13,9,201,66,30,320*7E
1426506547.600731,$SFIMU,22,8,201,60,28,347*73
1426506547.611000,$SFIMU,-1,11,208,57,36,289*56
1426506547.619046,$SFIMU,26,9,208,56,36,413*73
1426506547.629775,$SFIMU,35,7,206,63,31,333*75
1426506547.640391,$SFIMU,15,6,208,62,33,308*73
1426506547.648324,$SFIMU,5,9,205,61,39,395*4D
1426506547.658814,$SFIMU,31,2,204,57,36,349*7B
1426506547.667955,$SFIMU,44,3,209,69,28,324*7C
1426506547.679730,$SFIMU,14,10,210,55,37,320*46
1426506547.689831,$SFIMU,36,1,206,67,29,246*7E
1426506547.697742,$SFIMU,20,4,204,62,28,248*74
1426506547.708132,$SFIMU,20,5,211,61,25,243*74
1426506547.718688,$SFIMU,22,11,206,60,41,198*43
1426506547.729097,$SFIMU,23,6,208,63,28,135*71
1426506547.736849,$SFIMU,4,13,204,59,39,182*79
1426506547.748549,$SFIMU,13,13,206,58,36,141*4C
1426506547.757151,$SFIMU,19,6,206,60,34,99*4F
1426506547.766785,$SFIMU,5,12,204,57,37,159*7F
1426506547.777054,$SFIMU,15,6,208,64,25,169*77
1426506547.787396,$SFIMU,19,5,206,52,47,210*7A
1426506547.797712,$SFIMU,19,7,206,61,36,166*7C
1426506547.806541,$SFIMU,9,11,206,57,42,191*74
1426506547.815747,$SFIMU,15,5,207,59,25,203*7A
1426506547.825924,$SFIMU,16,7,205,55,49,269*73
1426506547.835537,$SFIMU,42,-2,209,58,26,132*5F
1426506547.845510,$SFIMU,38,-1,205,61,33,158*5F
1426506547.855583,$SFIMU,9,7,204,59,33,196*4E
1426506547.865501,$SFIMU,43,-1,207,52,49,241*57
1426506547.875495,$SFIMU,15,11,203,63,30,83*7C
1426506547.885586,$SFIMU,5,13,204,58,40,157*7F
1426506547.895609,$SFIMU,9,10,202,64,33,159*73
1426506547.904818,$SFIMU,24,5,204,64,33,159*7E
1426506547.913627,$SFIMU,2,11,202,53,40,196*7A
1426506547.923620,$SFIMU,40,-2,207,63,29,138*5E
1426506547.933769,$SFIMU,34,1,204,65,24,185*7D
1426506547.943851,$SFIMU,-3,16,203,60,42,227*5B
1426506547.953821,$SFIMU,22,5,207,58,33,202*79
1426506547.963694,$SFIMU,32,6,208,62,31,187*71
1426506547.973691,$SFIMU,33,6,205,61,33,173*77
1426506547.983684,$SFIMU,38,4,204,65,33,116*78
1426506547.992827,$SFIMU,-3,12,199,67,21,224*5E
1426506548.002990,$SFIMU,-12,17,202,60,42,263*6B
1426506548.012645,$SFIMU,14,13,207,60,40,209*4F
1426506548.023178,$SFIMU,29,3,207,58,33,208*7E
1426506548.033700,$SFIMU,2,11,205,59,32,221*7D
1426506548.041629,$SFIMU,17,9,209,61,32,213*76
1426506548.052805,$SFIMU,10,13,207,60,35,231*42
1426506548.061546,$SFIMU,18,9,207,62,26,170*77
1426506548.071550,$SFIMU,-2,15,205,65,32,204*5C
1426506548.081564,$SFIMU,28,6,208,58,39,191*7C
1426506548.091544,$SFIMU,15,12,203,60,33,135*43
1426506548.101922,$SFIMU,19,5,204,59,38,144*79
1426506548.110908,$SFIMU,18,5,208,59,33,87*41
1426506548.120803,$SFIMU,19,5,208,61,38,152*79
1426506548.130724,$SFIMU,-10,19,204,61,35,170*61
1426506548.140827,$SFIMU,25,3,205,57,35,101*73
1426506548.150557,$SFIMU,3,12,206,62,30,153*70
1426506548.160524,$SFIMU,17,6,205,61,31,175*75
1426506548.170647,$SFIMU,6,12,205,57,34,213*73
1426506548.181230,$SFIMU,26,2,209,60,36,156*78
1426506548.191682,$SFIMU,18,5,207,63,33,130*7A
1426506548.199377,$SFIMU,31,2,203,65,29,123*7D
1426506548.209961,$SFIMU,-3,15,203,62,39,183*5B
1426506548.220577,$SFIMU,9,9,203,57,38,185*40
1426506548.230613,$SFIMU,23,1,202,56,39,151*78
1426506548.240562,$SFIMU,12,11,208,53,46,203*48
1426506548.248979,$SFIMU,15,7,204,63,28,219*74
1426506548.258985,$SFIMU,12,9,205,47,54,309*71
1426506548.268658,$SFIMU,37,-6,208,58,41,238*50
1426506548.280578,$SFIMU,7,10,203,54,39,230*79
1426506548.288626,$SFIMU,20,9,203,60,35,239*76
1426506548.299005,$SFIMU,22,4,209,60,36,175*7B
1426506548.309638,$SFIMU,13,5,205,58,39,129*79
1426506548.318456,$SFIMU,26,3,204,64,40,122*72
1426506548.327901,$SFIMU,14,8,206,60,38,123*70
1426506548.338005,$SFIMU,22,4,205,60,36,102*77
1426506548.347979,$SFIMU,1,13,208,61,36,173*7A
1426506548.357976,$SFIMU,14,7,204,59,34,162*7E
1426506548.368226,$SFIMU,12,8,205,61,35,132*79
1426506548.378701,$SFIMU,23,4,206,58,42,121*7C
1426506548.386660,$SFIMU,11,9,208,61,35,154*76
1426506548.397035,$SFIMU,10,11,203,60,33,151*47
1426506548.407724,$SFIMU,24,5,207,60,33,130*76
1426506548.415668,$SFIMU,25,8,202,61,32,85*40
1426506548.425731,$SFIMU,8,9,203,63,36,127*40
1426506548.435881,$SFIMU,17,4,205,58,37,118*70
1426506548.445707,$SFIMU,21,7,208,59,35,73*44
1426506548.455539,$SFIMU,11,7,206,58,34,107*7B
1426506548.465689,$SFIMU,-2,12,210,57,38,177*53
1426506548.475513,$SFIMU,12,9,204,55,36,190*75
1426506548.485630,$SFIMU,9,11,206,62,37,179*76
1426506548.495758,$SFIMU,16,9,205,60,34,182*77
1426506548.505040,$SFIMU,20,4,206,65,30,154*76
1426506548.514893,$SFIMU,-2,16,203,65,37,198*5A
1426506548.524935,$SFIMU,10,7,208,62,33,194*70
1426506548.534914,$SFIMU,5,6,203,60,33,256*41
1426506548.544868,$SFIMU,14,6,204,58,41,200*7B
1426506548.553658,$SFIMU,18,6,205,61,38,194*7C
1426506548.564856,$SFIMU,12,10,205,61,36,189*43
1426506548.573661,$SFIMU,9,10,205,56,35,218*75
1426506548.583664,$SFIMU,16,8,208,62,36,195*7D
1426506548.593857,$SFIMU,19,6,208,62,35,151*77
1426506548.603868,$SFIMU,14,8,206,63,34,147*7D
1426506548.615106,$SFIMU,19,6,206,60,32,143*7F
1426506548.622930,$SFIMU,5,10,206,65,34,150*74
1426506548.632901,$SFIMU,21,5,206,61,32,100*71
1426506548.642911,$SFIMU,12,10,205,56,38,139*42
1426506548.652904,$SFIMU,11,9,204,61,38,112*75
1426506548.662871,$SFIMU,18,6,204,63,36,122*7C
1426506548.672634,$SFIMU,15,7,206,61,34,117*74
1426506548.682649,$SFIMU,13,7,206,60,36,109*7E
1426506548.692642,$SFIMU,14,5,206,62,34,111*72
1426506548.702604,$SFIMU,12,7,205,64,34,134*74
1426506548.712639,$SFIMU,5,8,212,61,36,180*43
1426506548.722985,$SFIMU,13,7,202,60,35,184*7C
1426506548.733574,$SFIMU,18,9,206,61,36,153*75
1426506548.741255,$SFIMU,5,12,207,64,37,210*72
1426506548.751630,$SFIMU,1,4,204,63,34,178*4B
1426506548.761711,$SFIMU,10,9,202,62,34,200*7D
1426506548.771650,$SFIMU,13,6,204,61,33,125*77
1426506548.781619,$SFIMU,20,6,210,59,37,149*77
1426506548.790993,$SFIMU,5,12,208,61,34,122*79
1426506548.800843,$SFIMU,18,8,207,64,37,111*77
1426506548.810874,$SFIMU,18,6,205,62,35,101*7E
1426506548.820799,$SFIMU,21,7,205,61,37,116*72
1426506548.830228,$SFIMU,13,6,207,64,36,163*76
1426506548.840789,$SFIMU,5,9,204,62,36,161*49
1426506548.851503,$SFIMU,16,9,206,63,36,136*7A
1426506548.859405,$SFIMU,13,8,205,64,34,130*7E
1426506548.870033,$SFIMU,13,6,205,64,35,120*70
1426506548.878974,$SFIMU,22,6,204,62,36,77*45
1426506548.890401,$SFIMU,17,7,206,61,33,46*44
1426506548.899055,$SFIMU,14,6,206,62,34,59*4C
1426506548.908394,$SFIMU,18,5,207,62,34,37*4A
1426506548.919109,$SFIMU,12,9,206,62,38,36*40
1426506548.929604,$SFIMU,13,9,205,62,37,42*4E
1426506548.940039,$SFIMU,7,11,201,59,37,71*4E
1426506548.947812,$SFIMU,12,8,207,60,36,51*4D
1426506548.958297,$SFIMU,15,7,204,61,38,56*4E
1426506548.968842,$SFIMU,18,7,204,60,35,52*4B
1426506548.977724,$SFIMU,13,8,200,61,35,37*49
1426506548.988307,$SFIMU,15,8,206,58,35,23*46
1426506548.998921,$SFIMU,15,5,204,60,33,25*42
1426506549.006764,$SFIMU,9,10,206,62,41,55*49
1426506549.017442,$SFIMU,9,10,206,63,38,81*4F
1426506549.027709,$SFIMU,7,12,204,63,38,97*46
1426506549.037117,$SFIMU,8,10,205,63,37,94*46
1426506549.047074,$SFIMU,17,8,205,60,37,140*7A
1426506549.057692,$SFIMU,5,10,205,61,37,133*75
1426506549.067966,$SFIMU,14,7,206,62,38,116*7B
1426506549.076079,$SFIMU,20,8,207,61,36,117*7E
1426506549.086416,$SFIMU,10,7,205,63,37,117*73
1426506549.096846,$SFIMU,20,7,206,61,38,141*7D
1426506549.107504,$SFIMU,9,11,207,64,32,214*7C
1426506549.115485,$SFIMU,23,6,205,65,29,141*78
1426506549.126049,$SFIMU,14,4,205,68,36,150*7D
1426506549.136654,$SFIMU,-7,5,203,72,35,236*6E
1426506549.147020,$SFIMU,18,6,204,63,38,214*74
1426506549.154721,$SFIMU,60,4,203,63,32,6*75
1426506549.165097,$SFIMU,17,8,205,59,39,5*7E
1426506549.175721,$SFIMU,16,8,206,60,38,5*77
1426506549.185978,$SFIMU,14,8,205,59,38,5*7C
1426506549.193763,$SFIMU,14,9,206,59,37,7*73
1426506549.204284,$SFIMU,15,9,207,63,37,3*7E
1426506549.214885,$SFIMU,17,8,205,59,37,3*76
1426506549.225430,$SFIMU,15,7,204,60,35,2*73
1426506549.233499,$SFIMU,15,7,200,61,35,3*77
1426506549.242936,$SFIMU,15,8,208,60,39,6*78
1426506549.254433,$SFIMU,12,10,207,60,37,3*42
1426506549.264923,$SFIMU,14,8,203,61,38,5*71
1426506549.272961,$SFIMU,13,6,206,58,35,2*7D
1426506549.283533,$SFIMU,12,6,205,60,39,4*7E
1426506549.293959,$SFIMU,12,7,204,59,36,1*7E
1426506549.302525,$SFIMU,12,9,205,62,39,2*75
1426506549.312095,$SFIMU,12,8,205,61,41,3*79
1426506549.322741,$SFIMU,11,12,208,58,37,2*46
1426506549.333084,$SFIMU,12,9,205,60,38,2*76
1426506549.343713,$SFIMU,13,7,206,61,41,4*73
1426506549.351452,$SFIMU,13,9,205,61,36,6*7C
1426506549.361842,$SFIMU,15,9,205,63,35,5*78
1426506549.372410,$SFIMU,14,10,204,58,37,3*4C
1426506549.383023,$SFIMU,13,7,204,62,34,4*70
1426506549.391060,$SFIMU,14,7,203,60,36,4*70
1426506549.401341,$SFIMU,13,7,207,60,36,3*74
1426506549.411753,$SFIMU,12,8,209,59,42,2*7C
1426506549.422284,$SFIMU,15,10,207,60,40,3*45
1426506549.430401,$SFIMU,12,10,205,59,37,4*4D
1426506549.440752,$SFIMU,14,7,203,64,37,5*74
1426506549.451065,$SFIMU,14,10,205,59,40,3*4C
1426506549.461700,$SFIMU,12,7,205,59,41,4*7A
1426506549.470109,$SFIMU,13,8,205,57,46,6*7F
1426506549.479795,$SFIMU,13,7,206,39,68,5*74
1426506549.490101,$SFIMU,11,12,204,37,79,4*4F
1426506549.500698,$SFIMU,10,7,207,35,75,4*77
1426506549.511002,$SFIMU,12,9,207,23,102,3*4A
1426506549.519027,$SFIMU,12,7,209,54,42,2*7E
1426506549.529295,$SFIMU,13,8,206,60,37,-1*54
1426506549.539725,$SFIMU,17,7,207,59,35,4*7E
1426506549.548728,$SFIMU,13,8,203,56,39,1*77
1426506549.558177,$SFIMU,15,8,205,59,35,2*77
1426506549.568767,$SFIMU,12,11,209,62,36,4*49
1426506549.577756,$SFIMU,11,8,205,62,34,3*7B
1426506549.588079,$SFIMU,14,8,206,61,33,2*78
1426506549.598417,$SFIMU,15,5,205,63,37,3*70
1426506549.608917,$SFIMU,14,8,205,61,36,1*7D
1426506549.617785,$SFIMU,13,8,208,60,34,1*74
1426506549.627319,$SFIMU,12,10,204,61,40,3*40
1426506549.637777,$SFIMU,14,9,205,59,39,2*7B
1426506549.647002,$SFIMU,9,10,205,61,39,1*77
1426506549.658704,$SFIMU,11,8,205,62,37,5*7E
1426506549.666669,$SFIMU,13,8,205,57,36,3*7D
1426506549.678074,$SFIMU,12,7,203,61,37,2*70
1426506549.686095,$SFIMU,14,5,206,60,35,5*75
1426506549.696457,$SFIMU,11,6,205,60,32,1*73
1426506549.706829,$SFIMU,16,6,203,63,35,3*74
1426506549.716135,$SFIMU,14,8,204,64,39,3*74
1426506549.726150,$SFIMU,14,7,205,62,35,1*72
1426506549.735848,$SFIMU,13,7,207,59,38,3*70
1426506549.746131,$SFIMU,11,10,208,60,40,2*4F
1426506549.755770,$SFIMU,13,6,208,58,38,3*7F
1426506549.766408,$SFIMU,11,8,205,62,39,3*76
1426506549.775164,$SFIMU,11,7,209,61,37,1*7A
1426506549.784488,$SFIMU,11,5,209,61,38,2*74
1426506549.795136,$SFIMU,12,9,209,60,37,2*75
1426506549.805446,$SFIMU,13,9,203,61,39,3*70
1426506549.815905,$SFIMU,13,7,207,59,38,2*71
1426506549.824850,$SFIMU,14,11,205,60,39,2*48
1426506549.834506,$SFIMU,13,8,203,62,38,3*73
1426506549.844861,$SFIMU,15,7,206,62,38,3*7F
1426506549.853978,$SFIMU,11,5,208,58,39,3*7F
1426506549.863133,$SFIMU,10,8,205,61,40,3*7A
1426506549.873466,$SFIMU,12,9,207,60,38,0*76
1426506549.884045,$SFIMU,15,7,207,59,37,3*79
1426506549.892440,$SFIMU,14,7,206,58,41,5*7F
1426506549.902880,$SFIMU,12,6,206,55,43,1*73
1426506549.912819,$SFIMU,12,9,206,60,40,1*79
1426506549.923090,$SFIMU,12,6,206,60,40,2*75
1426506549.933642,$SFIMU,13,8,204,59,38,4*7B
1426506549.944118,$SFIMU,13,9,206,60,38,3*75
1426506549.952042,$SFIMU,13,7,208,59,39,3*7E
1426506549.962511,$SFIMU,12,9,207,58,34,1*70
1426506549.972814,$SFIMU,12,8,204,59,37,1*70
1426506549.983414,$SFIMU,12,7,205,61,37,4*70
1426506549.991431,$SFIMU,13,6,207,59,38,0*72
1426506550.001825,$SFIMU,13,9,207,63,39,4*71
1426506550.012441,$SFIMU,14,7,205,60,38,3*7F
1426506550.021198,$SFIMU,13,9,208,61,37,2*74
1426506550.030880,$SFIMU,13,8,206,60,35,1*7B
1426506550.041192,$SFIMU,12,8,208,61,38,0*79
1426506550.051848,$SFIMU,12,7,208,61,34,2*78
1426506550.059855,$SFIMU,14,9,207,62,36,2*7E
1426506550.071170,$SFIMU,15,10,204,58,36,4*4B
1426506550.081516,$SFIMU,11,8,208,60,38,5*7E
1426506550.090237,$SFIMU,13,8,203,61,38,0*73
1426506550.099646,$SFIMU,10,7,205,60,39,4*7D
1426506550.110184,$SFIMU,12,7,205,59,33,0*7B
1426506550.121123,$SFIMU,11,6,206,62,36,3*74
1426506550.128881,$SFIMU,11,9,207,61,36,3*79
1426506550.139386,$SFIMU,12,9,208,60,36,3*74
1426506550.150065,$SFIMU,13,7,204,59,39,0*71
1426506550.160530,$SFIMU,11,8,207,59,35,2*71
1426506550.168294,$SFIMU,13,8,204,61,35,2*7B
1426506550.178888,$SFIMU,13,9,205,59,36,1*70
1426506550.189338,$SFIMU,12,10,204,62,39,4*4A
1426506550.199864,$SFIMU,14,5,207,60,38,2*7E
1426506550.207836,$SFIMU,12,6,205,61,34,2*74
1426506550.218138,$SFIMU,13,10,203,60,37,4*40
1426506550.228415,$SFIMU,14,6,207,58,36,0*7A
1426506550.239057,$SFIMU,14,7,205,61,38,2*7F
1426506550.247105,$SFIMU,10,8,204,60,37,5*7C
1426506550.257477,$SFIMU,12,9,206,61,36,2*7A
1426506550.267806,$SFIMU,9,8,207,60,36,2*41
1426506550.277033,$SFIMU,12,6,208,56,39,2*70
1426506550.288846,$SFIMU,11,7,203,58,40,3*78
1426506550.296794,$SFIMU,14,6,207,62,34,4*75
1426506550.307188,$SFIMU,15,8,205,60,40,2*7F
1426506550.317798,$SFIMU,11,9,204,60,38,2*74
1426506550.328176,$SFIMU,11,7,210,60,35,3*73
1426506550.335870,$SFIMU,14,6,207,62,34,5*74
1426506550.346431,$SFIMU,10,5,209,61,35,1*7B
1426506550.357099,$SFIMU,13,7,202,60,36,2*70
1426506550.366151,$SFIMU,12,6,208,61,38,2*75
1426506550.375871,$SFIMU,13,9,203,60,39,1*73
1426506550.385413,$SFIMU,10,9,204,59,39,1*7D
1426506550.395847,$SFIMU,11,7,205,61,38,2*7A
1426506550.406475,$SFIMU,13,9,205,59,39,2*7C
1426506550.415184,$SFIMU,11,8,205,60,36,2*7A
1426506550.424809,$SFIMU,14,8,206,59,36,7*73
1426506550.435111,$SFIMU,11,6,205,59,38,2*70
1426506550.445459,$SFIMU,14,8,206,58,38,2*79
1426506550.455884,$SFIMU,13,8,207,60,40,3*7A
1426506550.464084,$SFIMU,13,8,203,60,37,1*7C
1426506550.473871,$SFIMU,12,10,207,60,39,4*4B
1426506550.484434,$SFIMU,10,9,208,59,38,2*73
1426506550.494764,$SFIMU,11,10,204,64,37,4*41
1426506550.502848,$SFIMU,13,8,204,61,37,5*7E
1426506550.513165,$SFIMU,13,9,205,59,36,5*74
1426506550.523891,$SFIMU,13,7,205,63,40,1*76
1426506550.535055,$SFIMU,12,8,208,60,37,2*75
1426506550.542774,$SFIMU,10,8,204,60,38,4*72
1426506550.553343,$SFIMU,13,9,203,61,37,5*78
1426506550.563782,$SFIMU,15,7,202,59,36,4*7A
1426506550.571757,$SFIMU,11,8,204,59,37,0*72
1426506550.582127,$SFIMU,13,7,204,60,39,3*78
1426506550.592777,$SFIMU,13,6,206,60,38,3*7A
1426506550.603088,$SFIMU,13,10,209,60,38,2*43
1426506550.613769,$SFIMU,14,7,206,60,38,1*7E
1426506550.621419,$SFIMU,11,10,206,59,39,2*45
1426506550.632151,$SFIMU,10,8,207,58,37,4*75
1426506550.642784,$SFIMU,11,8,204,60,38,1*76
1426506550.652884,$SFIMU,13,8,203,62,40,2*7D
1426506550.661065,$SFIMU,14,8,205,60,37,3*7F
1426506550.672339,$SFIMU,16,5,206,60,41,1*70
1426506550.681128,$SFIMU,16,7,202,60,33,3*71
1426506550.690795,$SFIMU,13,7,207,62,38,5*7E
1426506550.701079,$SFIMU,14,7,205,60,38,4*78
1426506550.711806,$SFIMU,13,9,203,60,42,3*7D
1426506550.719791,$SFIMU,12,8,206,61,35,4*7E
1426506550.730152,$SFIMU,15,6,204,60,37,1*73
1426506550.739906,$SFIMU,13,9,206,60,37,2*7B
1426506550.749580,$SFIMU,13,8,204,60,39,3*77
1426506550.758831,$SFIMU,12,8,202,58,39,2*7A
1426506550.769748,$SFIMU,14,8,207,59,39,3*79
1426506550.780108,$SFIMU,13,10,205,57,38,5*4C
1426506550.790450,$SFIMU,15,9,208,61,39,2*7C
1426506550.799174,$SFIMU,13,7,204,61,40,2*76
1426506550.808845,$SFIMU,10,9,205,60,37,5*7C
1426506550.819135,$SFIMU,11,10,204,59,40,1*4A
1426506550.829761,$SFIMU,13,7,204,62,38,2*7A
1426506550.840026,$SFIMU,11,11,204,61,38,2*4C
1426506550.848093,$SFIMU,10,8,206,59,36,4*74
1426506550.858473,$SFIMU,11,8,204,58,37,2*71
1426506550.869022,$SFIMU,14,5,209,61,39,4*76
1426506550.877873,$SFIMU,13,8,204,62,38,4*73
1426506550.888262,$SFIMU,14,8,206,63,38,1*72
1426506550.897200,$SFIMU,13,9,205,60,37,4*7E
1426506550.909081,$SFIMU,13,7,202,60,35,3*72
1426506550.916899,$SFIMU,12,8,207,62,37,2*78
1426506550.927373,$SFIMU,11,7,205,60,34,4*71
1426506550.938035,$SFIMU,13,5,207,59,37,4*7A
1426506550.948608,$SFIMU,11,6,208,62,38,4*73
1426506550.956389,$SFIMU,13,8,202,61,37,3*7E
1426506550.967121,$SFIMU,13,9,204,61,35,4*7C
1426506550.977295,$SFIMU,12,9,205,59,37,4*75
1426506550.987826,$SFIMU,12,9,204,62,38,3*74
1426506550.995889,$SFIMU,11,7,203,62,35,3*73
1426506551.006170,$SFIMU,14,6,205,59,37,3*7B
1426506551.016434,$SFIMU,14,7,207,59,37,5*7E
1426506551.025194,$SFIMU,12,6,206,57,39,1*7C
1426506551.034832,$SFIMU,14,7,203,63,37,4*72
1426506551.045506,$SFIMU,13,7,208,58,40,3*71
1426506551.056089,$SFIMU,9,8,202,59,40,3*4E
1426506551.066422,$SFIMU,13,8,204,60,36,0*7B
1426506551.074287,$SFIMU,11,6,205,62,37,2*77
1426506551.084218,$SFIMU,14,7,207,59,39,3*76
1426506551.094840,$SFIMU,11,8,205,59,38,2*7E
1426506551.105400,$SFIMU,12,9,207,60,39,4*73
1426506551.114182,$SFIMU,11,7,207,60,39,3*79
1426506551.123819,$SFIMU,12,9,207,59,39,0*7D
1426506551.134499,$SFIMU,11,7,205,60,35,3*77
1426506551.145163,$SFIMU,11,8,208,61,39,2*79
1426506551.153849,$SFIMU,14,7,205,60,36,6*74
1426506551.163482,$SFIMU,14,6,205,59,37,3*7B
1426506551.173497,$SFIMU,11,10,203,61,39,1*48
1426506551.184124,$SFIMU,13,7,205,61,36,1*75
1426506551.194438,$SFIMU,13,7,206,58,40,5*79
1426506551.202210,$SFIMU,13,5,206,59,37,3*7C
1426506551.212391,$SFIMU,11,7,207,61,37,0*75
1426506551.222251,$SFIMU,13,9,204,57,37,2*7D
1426506551.232162,$SFIMU,14,8,203,59,38,2*7D
1426506551.242808,$SFIMU,12,8,205,59,39,1*7F
1426506551.252846,$SFIMU,13,10,205,61,37,4*47
1426506551.263393,$SFIMU,12,6,206,62,36,3*77
1426506551.271219,$SFIMU,13,7,201,61,36,2*72
1426506551.281822,$SFIMU,13,5,202,60,35,1*72
1426506551.292124,$SFIMU,13,6,205,59,39,4*75
1426506551.302809,$SFIMU,15,5,205,60,34,5*76
1426506551.310766,$SFIMU,12,7,207,61,37,1*77
1426506551.321124,$SFIMU,12,6,205,61,38,2*78
1426506551.331308,$SFIMU,15,10,206,61,39,2*4A
1426506551.340169,$SFIMU,12,8,210,59,37,5*71
1426506551.350702,$SFIMU,12,7,208,59,37,2*70
1426506551.360089,$SFIMU,12,5,204,62,37,2*76
1426506551.370780,$SFIMU,11,10,204,60,41,2*42
1426506551.380135,$SFIMU,12,8,208,62,37,5*70
1426506551.390107,$SFIMU,11,9,206,60,38,6*72
1426506551.400392,$SFIMU,13,7,208,60,36,4*7C
1426506551.411003,$SFIMU,14,8,205,63,38,4*74
1426506551.419795,$SFIMU,15,9,204,59,38,3*7B
1426506551.429142,$SFIMU,12,9,206,61,37,4*7D
1426506551.439423,$SFIMU,13,9,203,60,37,2*7E
1426506551.449773,$SFIMU,13,7,206,59,37,4*79
1426506551.459068,$SFIMU,10,9,203,65,36,5*7E
1426506551.468071,$SFIMU,14,8,203,62,39,3*75
1426506551.478440,$SFIMU,11,7,207,62,41,2*75
1426506551.488895,$SFIMU,12,9,205,58,37,-1*5C
1426506551.499398,$SFIMU,14,8,205,59,37,3*75
1426506551.508063,$SFIMU,13,5,204,60,37,2*75
1426506551.518779,$SFIMU,12,7,203,59,37,1*78
1426506551.527940,$SFIMU,15,8,202,58,37,2*73
1426506551.537096,$SFIMU,15,7,205,60,41,5*76
1426506551.547746,$SFIMU,13,6,204,60,38,4*7F
1426506551.558082,$SFIMU,13,6,205,60,36,5*71
1426506551.568502,$SFIMU,12,7,205,60,37,1*74
1426506551.576376,$SFIMU,11,8,207,60,35,4*7D
1426506551.586978,$SFIMU,12,7,209,58,37,1*73
1426506551.597431,$SFIMU,13,6,207,62,40,3*76
1426506551.607880,$SFIMU,14,7,204,60,38,0*7D
1426506551.615798,$SFIMU,12,5,207,58,39,2*72
1426506551.626461,$SFIMU,14,6,203,60,39,5*7F
1426506551.636970,$SFIMU,13,7,206,61,37,1*77
1426506551.647445,$SFIMU,14,9,204,61,34,0*7E
1426506551.655458,$SFIMU,10,7,206,59,38,2*73
1426506551.665831,$SFIMU,13,10,205,61,38,2*4E
1426506551.676363,$SFIMU,11,7,204,61,36,1*76
1426506551.686997,$SFIMU,14,9,203,61,38,1*74
1426506551.694774,$SFIMU,13,8,206,58,34,1*71
1426506551.705347,$SFIMU,13,7,205,59,39,2*72
1426506551.715824,$SFIMU,12,7,208,62,38,2*77
1426506551.724860,$SFIMU,12,7,206,60,39,3*7B
1426506551.734401,$SFIMU,13,9,203,61,36,5*79
1426506551.744985,$SFIMU,12,7,206,59,37,4*78
1426506551.755388,$SFIMU,12,10,202,62,39,2*4A
1426506551.763787,$SFIMU,14,6,205,60,35,4*74
1426506551.774758,$SFIMU,13,8,206,63,39,4*71
1426506551.782802,$SFIMU,13,9,206,60,36,3*7B
1426506551.793114,$SFIMU,11,8,205,61,37,2*7A
1426506551.803736,$SFIMU,13,8,206,61,35,2*79
1426506551.814182,$SFIMU,12,8,207,59,41,3*70
1426506551.824730,$SFIMU,10,7,209,60,37,0*7B
1426506551.832760,$SFIMU,14,7,209,59,36,3*77
1426506551.843349,$SFIMU,10,10,210,58,37,4*4A
1426506551.851761,$SFIMU,11,9,203,61,36,4*7A
1426506551.862004,$SFIMU,13,7,204,61,38,6*7D
1426506551.871620,$SFIMU,14,7,205,62,38,3*7D
1426506551.882541,$SFIMU,12,7,205,56,35,3*71
1426506551.892700,$SFIMU,12,9,204,58,36,2*72
1426506551.903340,$SFIMU,12,8,204,61,35,0*78
1426506551.911349,$SFIMU,13,9,204,61,37,4*7E
1426506551.921925,$SFIMU,10,7,206,61,33,1*70
1426506551.932289,$SFIMU,14,9,207,59,39,3*78
1426506551.940613,$SFIMU,13,6,205,59,37,3*7C
1426506551.950621,$SFIMU,12,6,204,61,37,2*76
1426506551.960585,$SFIMU,11,8,207,59,37,3*72
1426506551.970676,$SFIMU,11,8,202,62,36,4*79
1426506551.979936,$SFIMU,13,8,204,61,37,3*78
1426506551.989935,$SFIMU,10,7,205,61,35,5*71
1426506551.999935,$SFIMU,13,6,208,59,38,2*7F
1426506552.009897,$SFIMU,14,6,208,59,38,3*79
1426506552.019896,$SFIMU,13,7,205,58,37,5*7A
1426506552.029819,$SFIMU,12,7,207,60,37,2*75
1426506552.039815,$SFIMU,12,8,204,60,38,1*75
1426506552.049480,$SFIMU,9,8,205,61,38,1*4F
1426506552.058828,$SFIMU,11,9,207,59,41,2*73
1426506552.068905,$SFIMU,12,8,206,60,40,2*7B
1426506552.079059,$SFIMU,12,11,200,62,39,5*4E
1426506552.089999,$SFIMU,13,8,204,58,35,3*70
1426506552.099960,$SFIMU,12,7,202,59,36,5*7C
1426506552.107579,$SFIMU,12,6,205,59,37,2*7C
